# unix_time, cycles_done, cur_path, paths_total, pending_total, pending_favs, map_size, unique_crashes, unique_hangs, max_depth, execs_per_sec
1614305732, 0, 0, 1, 1, 1, 4.79%, 0, 0, 1, 18.35
1614305737, 0, 0, 82, 82, 1, 5.27%, 0, 0, 2, 24.79
1614305742, 0, 0, 129, 129, 1, 5.52%, 0, 0, 2, 18.39
1614305748, 0, 0, 156, 156, 1, 5.68%, 0, 0, 2, 18.89
1614305753, 0, 0, 179, 178, 0, 5.79%, 1, 0, 2, 21.15
1614305758, 0, 0, 202, 201, 0, 5.96%, 1, 0, 2, 193.40
1614305763, 0, 0, 222, 221, 0, 6.24%, 1, 0, 2, 19.16
1614305768, 0, 0, 242, 241, 0, 6.50%, 1, 0, 2, 25.73
1614305773, 0, 2, 281, 280, 128, 6.58%, 1, 0, 3, 363.27
1614305778, 0, 14, 304, 299, 131, 6.60%, 1, 0, 3, 21.04
1614305783, 0, 14, 321, 315, 130, 6.61%, 1, 0, 3, 21.66
1614305788, 0, 14, 336, 330, 130, 6.62%, 1, 0, 3, 27.27
1614305794, 0, 14, 347, 341, 130, 6.62%, 1, 0, 3, 22.60
1614305799, 0, 30, 360, 350, 133, 6.63%, 1, 0, 3, 18.69
1614305804, 0, 30, 377, 366, 132, 6.64%, 1, 0, 3, 39.12
1614305809, 0, 30, 387, 376, 132, 6.64%, 1, 0, 3, 22.95
1614305814, 0, 51, 415, 399, 135, 6.70%, 2, 0, 3, 18.63
1614305819, 0, 77, 436, 413, 128, 6.73%, 2, 0, 3, 2900.00
1614305825, 0, 105, 469, 437, 126, 6.79%, 2, 0, 3, 107.78
1614305830, 0, 127, 510, 471, 122, 6.84%, 2, 0, 3, 2527.17
1614305835, 0, 166, 527, 478, 115, 6.88%, 2, 0, 3, 18.57
1614305840, 0, 168, 544, 494, 117, 6.90%, 2, 0, 3, 1818.95
1614305845, 0, 186, 567, 509, 120, 6.98%, 2, 0, 3, 18.19
1614305850, 0, 196, 580, 516, 117, 7.00%, 3, 0, 3, 741.67
1614305856, 0, 211, 594, 524, 114, 7.03%, 3, 0, 3, 18.52
1614305861, 0, 226, 608, 532, 116, 7.07%, 3, 0, 3, 631.24
1614305866, 0, 234, 620, 539, 115, 7.09%, 3, 0, 3, 18.32
1614305871, 0, 244, 637, 551, 117, 7.11%, 3, 0, 3, 455.00
1614305876, 0, 276, 657, 561, 113, 7.20%, 4, 0, 4, 1950.17
1614305881, 0, 367, 679, 563, 106, 7.23%, 4, 0, 4, 2261.65
1614305886, 0, 438, 712, 582, 103, 7.28%, 5, 0, 4, 2222.51
1614305891, 0, 465, 736, 597, 100, 7.31%, 5, 0, 4, 455.00
1614305897, 0, 489, 748, 602, 95, 7.31%, 5, 0, 4, 79.14
1614305902, 0, 544, 767, 610, 87, 7.32%, 5, 0, 4, 255.16
1614305907, 0, 589, 783, 615, 78, 7.33%, 5, 0, 4, 790.63
1614305912, 0, 609, 810, 632, 76, 7.36%, 5, 0, 4, 18.56
1614305917, 0, 638, 817, 631, 68, 7.36%, 5, 0, 4, 1408.61
1614305922, 0, 658, 850, 653, 65, 7.38%, 6, 0, 5, 1339.14
1614305927, 0, 685, 870, 658, 56, 7.39%, 7, 0, 5, 322.45
1614305933, 0, 685, 887, 675, 56, 7.40%, 7, 0, 5, 280.33
1614305938, 0, 705, 913, 688, 55, 7.41%, 9, 0, 5, 1785.09
1614305943, 0, 768, 939, 701, 50, 7.44%, 9, 0, 5, 653.31
1614305948, 0, 852, 969, 714, 46, 7.46%, 10, 0, 6, 18.65
1614305953, 0, 911, 994, 724, 38, 7.47%, 10, 0, 6, 1404.59
1614305958, 0, 928, 1029, 750, 39, 7.48%, 11, 0, 6, 2644.31
1614305963, 0, 962, 1058, 767, 32, 7.49%, 11, 0, 7, 1572.16
1614305968, 0, 1013, 1076, 773, 28, 7.49%, 12, 0, 7, 1435.20
1614305973, 0, 1057, 1110, 793, 23, 7.50%, 15, 0, 8, 2015.19
1614305979, 0, 1092, 1141, 814, 21, 7.51%, 16, 0, 8, 475.82
1614305984, 0, 1120, 1158, 820, 19, 7.53%, 19, 0, 9, 2395.25
1614305989, 0, 1148, 1186, 839, 25, 7.58%, 20, 0, 9, 183.86
1614305994, 0, 1174, 1210, 854, 24, 7.60%, 20, 0, 10, 2014.63
1614305999, 0, 1200, 1228, 861, 17, 7.61%, 24, 0, 11, 2240.53
1614306004, 0, 1227, 1256, 880, 12, 7.61%, 26, 0, 12, 2099.71
1614306010, 0, 1261, 1286, 897, 9, 7.61%, 26, 0, 13, 2401.76
1614306015, 0, 1294, 1301, 903, 8, 7.61%, 26, 0, 14, 2801.75
1614306021, 0, 1310, 1317, 912, 7, 7.62%, 26, 1, 16, 291.58
1614306026, 1, 568, 1329, 912, 2, 7.62%, 26, 1, 19, 1743.16
1614306031, 1, 1338, 1345, 918, 0, 7.62%, 26, 1, 19, 1569.68
1614306036, 2, 447, 1350, 916, 1, 7.62%, 26, 2, 19, 1067.59
1614306041, 2, 1244, 1358, 914, 0, 7.62%, 26, 2, 19, 1637.33
1614306046, 3, 927, 1368, 917, 0, 7.64%, 27, 2, 19, 2004.68
1614306051, 3, 1151, 1371, 916, 1, 7.64%, 27, 2, 19, 346.22
1614306057, 3, 1376, 1385, 924, 2, 7.64%, 27, 3, 19, 2252.69
1614306062, 3, 1389, 1405, 940, 1, 7.64%, 27, 3, 19, 1246.74
1614306067, 3, 1404, 1406, 940, 1, 7.64%, 27, 5, 19, 861.09
1614306072, 4, 57, 1408, 928, 0, 7.64%, 27, 5, 19, 1478.03
1614306077, 4, 109, 1410, 918, 0, 7.64%, 27, 5, 19, 1656.16
1614306082, 4, 167, 1412, 909, 0, 7.64%, 27, 5, 19, 1314.85
1614306087, 4, 323, 1416, 909, 1, 7.65%, 27, 5, 19, 963.56
1614306093, 4, 1265, 1425, 913, 5, 7.65%, 27, 6, 19, 22.59
1614306098, 4, 1422, 1433, 916, 4, 7.65%, 28, 6, 19, 1363.45
1614306103, 5, 41, 1436, 910, 0, 7.65%, 28, 6, 19, 1637.69
1614306108, 5, 1310, 1447, 910, 4, 7.65%, 29, 6, 19, 1820.18
1614306113, 5, 1451, 1453, 909, 1, 7.65%, 29, 6, 19, 1948.32
1614306119, 6, 228, 1455, 902, 1, 7.65%, 30, 6, 19, 2155.16
1614306124, 6, 1178, 1455, 891, 1, 7.65%, 30, 6, 19, 1916.66
1614306129, 7, 809, 1459, 888, 1, 7.66%, 30, 6, 19, 94.84
1614306134, 7, 1457, 1466, 888, 4, 7.67%, 30, 6, 19, 2122.33
1614306139, 8, 59, 1471, 884, 0, 7.67%, 30, 6, 19, 426.20
1614306145, 8, 1309, 1477, 881, 1, 7.67%, 30, 6, 19, 183.57
1614306150, 9, 70, 1477, 875, 0, 7.67%, 30, 6, 19, 3088.32
1614306155, 9, 286, 1481, 870, 1, 7.67%, 30, 6, 19, 1926.92
1614306160, 9, 1492, 1493, 871, 1, 7.67%, 30, 6, 19, 2343.52
1614306165, 10, 749, 1506, 876, 1, 7.70%, 30, 6, 19, 2049.30
1614306170, 10, 1327, 1512, 874, 1, 7.70%, 30, 7, 19, 2810.00
1614306175, 11, 1007, 1518, 872, 2, 7.70%, 30, 7, 19, 1539.16
1614306181, 12, 52, 1524, 874, 0, 7.70%, 30, 7, 19, 2537.20
1614306186, 12, 123, 1527, 869, 0, 7.70%, 30, 7, 19, 1869.23
1614306191, 12, 197, 1529, 864, 0, 7.70%, 32, 7, 19, 1478.98
1614306196, 12, 1468, 1536, 861, 1, 7.71%, 32, 7, 19, 1857.71
1614306201, 13, 186, 1541, 860, 1, 7.71%, 32, 7, 19, 2802.50
1614306206, 13, 1447, 1546, 859, 3, 7.75%, 33, 7, 19, 1574.32
1614306211, 13, 1552, 1556, 863, 3, 7.83%, 34, 7, 19, 2076.02
1614306217, 13, 1563, 1567, 869, 1, 7.85%, 35, 7, 19, 1712.01
1614306222, 13, 1568, 1569, 869, 0, 7.85%, 35, 7, 20, 240.75
1614306227, 14, 58, 1570, 869, 0, 7.85%, 35, 7, 20, 1673.91
1614306232, 14, 123, 1573, 869, 0, 7.85%, 35, 7, 20, 1573.10
1614306237, 14, 181, 1575, 865, 0, 7.85%, 35, 7, 20, 1195.31
1614306242, 14, 1033, 1578, 862, 1, 7.85%, 35, 7, 20, 1039.22
1614306247, 14, 1568, 1588, 869, 3, 7.86%, 35, 7, 21, 72.73
1614306253, 14, 1593, 1598, 875, 2, 7.86%, 36, 7, 21, 1338.76
1614306258, 15, 1601, 1603, 870, 1, 7.86%, 36, 7, 21, 1871.95
1614306263, 16, 123, 1604, 866, 0, 7.86%, 37, 7, 21, 2119.66
1614306268, 16, 204, 1606, 864, 0, 7.86%, 37, 7, 21, 1049.80
1614306273, 16, 271, 1606, 855, 0, 7.86%, 37, 7, 21, 1544.32
1614306278, 16, 338, 1607, 847, 0, 7.86%, 37, 7, 21, 1050.47
1614306284, 16, 402, 1607, 839, 0, 7.86%, 37, 7, 21, 134.17
1614306289, 16, 470, 1608, 829, 0, 7.86%, 37, 7, 21, 1640.38
1614306294, 16, 516, 1611, 819, 0, 7.86%, 37, 8, 21, 2893.86
1614306299, 16, 1611, 1617, 815, 2, 7.86%, 38, 8, 21, 1685.63
1614306304, 17, 134, 1618, 813, 0, 7.86%, 38, 8, 21, 2230.27
1614306309, 17, 204, 1619, 809, 0, 7.86%, 38, 8, 21, 1608.85
1614306314, 18, 247, 1624, 806, 1, 7.87%, 38, 8, 21, 1572.69
1614306319, 18, 1623, 1627, 800, 3, 7.87%, 38, 8, 21, 1718.70
1614306324, 19, 60, 1630, 799, 0, 7.87%, 38, 8, 21, 1883.00
1614306330, 19, 192, 1632, 798, 0, 7.87%, 38, 8, 21, 1753.36
1614306335, 19, 906, 1644, 803, 2, 7.90%, 38, 8, 21, 840.81
1614306340, 19, 1429, 1653, 800, 4, 7.90%, 38, 8, 21, 1715.51
1614306345, 19, 1652, 1663, 806, 3, 7.90%, 38, 8, 21, 1636.72
1614306350, 19, 1666, 1667, 806, 0, 7.90%, 38, 8, 21, 1646.21
1614306355, 19, 1673, 1696, 833, 7, 8.20%, 38, 8, 21, 1191.67
1614306360, 19, 1680, 1767, 903, 9, 8.22%, 38, 8, 21, 1190.20
1614306365, 19, 1705, 1796, 928, 10, 8.24%, 38, 8, 21, 1298.49
1614306370, 19, 1716, 1824, 955, 10, 8.24%, 38, 8, 21, 1096.70
1614306376, 19, 1768, 1859, 987, 13, 8.25%, 39, 8, 21, 1253.13
1614306381, 19, 1798, 1877, 1000, 12, 8.25%, 39, 8, 21, 1563.79
1614306386, 19, 1829, 1882, 1004, 12, 8.25%, 39, 8, 21, 971.65
1614306391, 19, 1832, 1898, 1019, 13, 8.25%, 39, 8, 21, 757.35
1614306396, 19, 1836, 1905, 1024, 12, 8.25%, 41, 8, 21, 1169.71
1614306402, 19, 1858, 1905, 1023, 11, 8.25%, 41, 8, 21, 77.97
1614306417, 19, 1858, 1906, 1024, 11, 8.25%, 41, 8, 21, 77.82
1614306422, 19, 1862, 1916, 1032, 10, 8.26%, 41, 8, 21, 1272.87
1614306427, 19, 1873, 1944, 1056, 10, 8.27%, 41, 8, 21, 1475.86
1614306432, 19, 1887, 1956, 1066, 9, 8.27%, 41, 8, 21, 1007.16
1614306438, 19, 1906, 1963, 1072, 9, 8.27%, 41, 8, 21, 37.50
1614306483, 19, 1906, 1968, 1077, 9, 8.28%, 43, 8, 21, 83.30
1614306488, 19, 1920, 1979, 1087, 10, 8.28%, 43, 8, 21, 1330.77
1614306493, 19, 1930, 1998, 1102, 9, 8.28%, 43, 8, 21, 1459.90
1614306498, 19, 1958, 2007, 1108, 9, 8.28%, 44, 8, 21, 1707.93
1614306503, 19, 1964, 2007, 1107, 9, 8.28%, 44, 8, 21, 75.12
1614306545, 19, 1977, 2007, 1106, 7, 8.28%, 44, 8, 21, 1465.35
1614306550, 19, 1997, 2031, 1126, 5, 8.28%, 44, 8, 21, 1577.79
1614306555, 19, 2000, 2031, 1125, 4, 8.28%, 44, 8, 21, 35.50
1614306601, 19, 2000, 2035, 1129, 4, 8.28%, 45, 8, 21, 97.93
1614306606, 19, 2006, 2039, 1132, 4, 8.29%, 45, 8, 21, 1348.20
1614306612, 19, 2035, 2053, 1142, 3, 8.29%, 45, 8, 21, 135.60
1614306652, 19, 2051, 2053, 1140, 1, 8.29%, 46, 8, 21, 1494.21
1614306657, 19, 2063, 2065, 1149, 0, 8.29%, 46, 8, 21, 236.23
1614306662, 19, 2064, 2067, 1150, 0, 8.29%, 46, 8, 21, 2171.35
1614306668, 20, 1516, 2074, 1148, 2, 8.29%, 46, 8, 21, 1901.16
1614306673, 20, 1904, 2081, 1153, 2, 8.29%, 49, 8, 21, 200.48
1614306678, 20, 2006, 2086, 1156, 2, 8.29%, 49, 8, 21, 1956.52
1614306683, 20, 2080, 2091, 1159, 0, 8.29%, 49, 8, 21, 60.33
1614306718, 20, 2091, 2100, 1167, 2, 8.29%, 54, 8, 21, 70.76
1614306749, 21, 67, 2102, 1167, 0, 8.29%, 55, 8, 21, 1937.39
1614306754, 21, 1012, 2106, 1165, 1, 8.29%, 55, 8, 21, 310.12
1614306759, 21, 1820, 2112, 1170, 3, 8.31%, 55, 8, 21, 1732.29
1614306764, 21, 2031, 2113, 1168, 3, 8.31%, 55, 8, 21, 138.11
1614306815, 21, 2031, 2116, 1171, 3, 8.31%, 56, 8, 21, 108.44
1614306821, 21, 2114, 2122, 1173, 2, 8.31%, 56, 8, 21, 1546.01
1614306867, 21, 2118, 2125, 1175, 1, 8.31%, 56, 8, 21, 1777.23
1614306872, 21, 2122, 2128, 1176, 0, 8.31%, 56, 8, 21, 1163.99
1614306914, 21, 2122, 2129, 1177, 0, 8.31%, 56, 8, 21, 69.42
1614306919, 22, 0, 2129, 1175, 0, 8.31%, 56, 8, 21, 1025.33
1614306924, 22, 1290, 2132, 1172, 2, 8.32%, 56, 8, 21, 1351.21
1614306929, 22, 1682, 2136, 1173, 2, 8.32%, 56, 8, 21, 1121.98
1614306934, 22, 1899, 2138, 1173, 2, 8.32%, 56, 8, 21, 778.55
1614306939, 22, 1899, 2141, 1176, 2, 8.32%, 56, 8, 21, 412.24
1614306944, 22, 2032, 2141, 1174, 2, 8.32%, 56, 8, 21, 41.99
1614306985, 22, 2075, 2142, 1174, 2, 8.32%, 56, 8, 21, 2276.18
1614306990, 22, 2130, 2159, 1189, 7, 8.33%, 56, 8, 21, 1216.98
1614306995, 22, 2144, 2159, 1188, 6, 8.33%, 56, 8, 21, 53.06
1614307031, 22, 2144, 2167, 1196, 6, 8.34%, 56, 8, 21, 116.22
1614307036, 22, 2146, 2169, 1197, 6, 8.34%, 56, 8, 21, 87.15
1614307072, 22, 2153, 2170, 1197, 5, 8.34%, 56, 8, 21, 279.86
1614307087, 22, 2153, 2178, 1205, 5, 8.34%, 56, 8, 21, 193.58
1614307092, 22, 2157, 2179, 1204, 7, 8.34%, 56, 8, 21, 840.75
1614307097, 22, 2162, 2180, 1204, 6, 8.34%, 57, 8, 21, 110.38
1614307118, 22, 2170, 2182, 1205, 6, 8.34%, 57, 8, 21, 111.63
1614307133, 22, 2171, 2183, 1205, 6, 8.34%, 57, 8, 21, 121.42
1614307143, 22, 2180, 2187, 1208, 5, 8.34%, 57, 8, 21, 1237.17
1614307164, 22, 2181, 2188, 1208, 4, 8.34%, 57, 8, 21, 105.70
1614307179, 22, 2182, 2189, 1208, 3, 8.34%, 57, 8, 21, 1487.93
1614307184, 22, 2184, 2190, 1208, 2, 8.34%, 57, 8, 21, 114.64
1614307189, 22, 2184, 2191, 1209, 2, 8.34%, 57, 8, 21, 172.92
1614307195, 22, 2186, 2192, 1209, 1, 8.34%, 57, 8, 21, 189.87
1614307205, 23, 24, 2195, 1208, 0, 8.34%, 57, 8, 21, 577.38
1614307210, 23, 140, 2195, 1207, 0, 8.34%, 57, 8, 21, 1302.38
1614307215, 23, 197, 2197, 1209, 0, 8.34%, 57, 9, 21, 135.86
1614307220, 23, 285, 2197, 1205, 0, 8.34%, 57, 9, 21, 1239.92
1614307225, 23, 320, 2200, 1203, 0, 8.34%, 57, 9, 21, 713.93
1614307230, 23, 378, 2202, 1196, 0, 8.34%, 57, 9, 21, 844.31
1614307236, 23, 425, 2203, 1191, 0, 8.34%, 57, 9, 21, 1065.10
1614307241, 23, 473, 2205, 1184, 0, 8.34%, 57, 9, 21, 1141.68
1614307246, 23, 1177, 2207, 1178, 1, 8.34%, 57, 9, 21, 1203.78
1614307251, 23, 1700, 2210, 1177, 1, 8.34%, 57, 9, 21, 1314.43
1614307256, 23, 1703, 2211, 1177, 1, 8.34%, 57, 9, 21, 597.39
1614307261, 23, 2076, 2212, 1174, 1, 8.34%, 57, 9, 21, 1148.61
1614307266, 23, 2216, 2226, 1185, 0, 8.34%, 57, 9, 21, 85.31
1614307302, 23, 2216, 2227, 1186, 0, 8.34%, 57, 9, 21, 69.31
1614307307, 23, 2217, 2231, 1189, 0, 8.34%, 57, 9, 21, 1530.16
1614307312, 23, 2218, 2231, 1188, 0, 8.34%, 57, 9, 21, 85.93
1614307327, 23, 2218, 2231, 1187, 0, 8.34%, 57, 9, 21, 212.36
1614307333, 23, 2226, 2231, 1185, 0, 8.34%, 57, 9, 21, 65.11
1614307348, 23, 2228, 2231, 1184, 0, 8.34%, 57, 9, 21, 96.72
1614307374, 23, 2228, 2232, 1185, 0, 8.34%, 57, 9, 21, 867.92
1614307379, 23, 2236, 2237, 1186, 0, 8.34%, 58, 9, 21, 333.57
1614307389, 23, 2236, 2240, 1189, 0, 8.34%, 58, 9, 21, 275.75
1614307394, 23, 2239, 2241, 1189, 1, 8.34%, 58, 9, 21, 294.22
1614307399, 23, 2243, 2246, 1193, 1, 8.34%, 58, 9, 21, 521.74
1614307404, 23, 2244, 2248, 1194, 0, 8.34%, 58, 9, 21, 533.93
1614307414, 23, 2246, 2254, 1199, 0, 8.34%, 58, 9, 21, 532.18
1614307419, 23, 2247, 2254, 1198, 0, 8.34%, 58, 9, 21, 696.17
1614307425, 23, 2248, 2254, 1197, 0, 8.34%, 58, 9, 21, 455.44
1614307430, 23, 2254, 2257, 1198, 0, 8.34%, 59, 9, 21, 1017.72
1614307435, 23, 2263, 2264, 1202, 1, 8.34%, 60, 9, 21, 1438.75
1614307440, 24, 67, 2269, 1206, 0, 8.34%, 60, 9, 21, 564.56
1614307445, 24, 168, 2270, 1203, 0, 8.34%, 60, 9, 21, 1435.62
1614307450, 24, 219, 2272, 1204, 0, 8.34%, 60, 9, 21, 1382.26
1614307456, 24, 299, 2272, 1200, 0, 8.34%, 60, 10, 21, 253.17
1614307461, 24, 384, 2273, 1195, 0, 8.34%, 60, 10, 21, 879.58
1614307466, 24, 1239, 2276, 1189, 1, 8.34%, 60, 10, 21, 1383.68
1614307471, 24, 1910, 2276, 1188, 1, 8.34%, 60, 10, 21, 179.16
1614307476, 24, 1933, 2276, 1187, 1, 8.34%, 60, 10, 21, 1947.06
1614307481, 25, 27, 2278, 1187, 0, 8.34%, 60, 10, 21, 1282.97
1614307487, 25, 377, 2281, 1190, 1, 8.34%, 60, 10, 21, 1184.51
1614307492, 25, 1825, 2283, 1187, 2, 8.34%, 60, 10, 21, 1505.01
1614307497, 25, 2280, 2284, 1186, 2, 8.34%, 60, 10, 21, 1230.79
1614307502, 26, 35, 2290, 1188, 0, 8.34%, 60, 11, 21, 2094.78
1614307507, 26, 156, 2292, 1190, 0, 8.34%, 60, 11, 21, 736.78
1614307513, 26, 1301, 2296, 1193, 1, 8.35%, 60, 11, 21, 1563.02
1614307518, 26, 1855, 2296, 1189, 1, 8.35%, 60, 11, 21, 1198.01
1614307523, 26, 2035, 2296, 1187, 1, 8.35%, 60, 11, 21, 1435.00
1614307528, 26, 2237, 2297, 1187, 1, 8.35%, 60, 11, 21, 185.36
1614307538, 26, 2237, 2299, 1189, 1, 8.35%, 60, 11, 21, 2641.79
1614307543, 26, 2323, 2326, 1211, 1, 8.35%, 60, 11, 21, 2013.62
1614307549, 27, 301, 2342, 1223, 2, 8.35%, 60, 11, 21, 1618.38
1614307554, 27, 1120, 2344, 1220, 2, 8.35%, 60, 11, 21, 1893.30
1614307559, 27, 1660, 2349, 1221, 4, 8.35%, 60, 12, 21, 2379.17
1614307564, 27, 1817, 2349, 1219, 3, 8.35%, 60, 12, 21, 1260.73
1614307569, 27, 1888, 2355, 1222, 3, 8.35%, 60, 12, 21, 1074.71
1614307574, 27, 2209, 2356, 1220, 2, 8.35%, 60, 12, 21, 1264.17
1614307579, 27, 2241, 2357, 1220, 2, 8.35%, 60, 12, 21, 661.01
1614307584, 27, 2241, 2359, 1222, 2, 8.35%, 60, 12, 21, 592.60
1614307590, 27, 2353, 2364, 1223, 0, 8.35%, 60, 12, 21, 1042.23
1614307595, 27, 2363, 2368, 1225, 0, 8.35%, 60, 12, 21, 1212.93
1614307600, 28, 98, 2368, 1223, 0, 8.35%, 60, 12, 21, 1702.05
1614307605, 28, 270, 2373, 1226, 1, 8.35%, 60, 12, 21, 709.05
1614307610, 28, 1754, 2375, 1226, 1, 8.35%, 60, 12, 21, 1629.08
1614307615, 28, 2209, 2376, 1223, 1, 8.35%, 60, 12, 21, 1448.10
1614307620, 28, 2297, 2376, 1223, 1, 8.35%, 60, 12, 21, 165.41
1614307625, 28, 2371, 2378, 1224, 1, 8.35%, 60, 12, 21, 2230.00
1614307631, 28, 2373, 2378, 1223, 0, 8.35%, 60, 12, 21, 168.95
1614307636, 28, 2375, 2378, 1222, 0, 8.35%, 60, 12, 21, 894.09
1614307646, 29, 113, 2380, 1223, 0, 8.35%, 60, 12, 21, 1775.22
1614307651, 29, 187, 2380, 1222, 0, 8.35%, 60, 13, 21, 1617.49
1614307656, 29, 245, 2383, 1222, 0, 8.35%, 60, 13, 21, 1196.09
1614307661, 29, 373, 2386, 1222, 0, 8.35%, 60, 13, 21, 1553.50
1614307666, 29, 460, 2389, 1219, 0, 8.35%, 61, 13, 21, 1898.80
1614307671, 29, 725, 2390, 1214, 1, 8.36%, 62, 13, 21, 84.83
1614307676, 29, 1414, 2391, 1211, 2, 8.36%, 62, 13, 21, 1355.65
1614307682, 29, 1811, 2394, 1210, 3, 8.36%, 62, 13, 21, 1592.73
1614307687, 29, 1895, 2396, 1209, 3, 8.36%, 62, 13, 21, 1272.05
1614307692, 29, 2034, 2396, 1208, 3, 8.36%, 63, 13, 21, 71.16
1614307743, 29, 2331, 2397, 1208, 3, 8.36%, 63, 13, 21, 495.68
1614307753, 29, 2331, 2402, 1213, 3, 8.36%, 63, 13, 21, 335.23
1614307758, 30, 27, 2405, 1211, 0, 8.37%, 63, 13, 21, 1911.04
1614307763, 30, 104, 2405, 1211, 0, 8.37%, 63, 13, 21, 1165.64
1614307768, 30, 206, 2407, 1212, 0, 8.37%, 63, 13, 21, 1327.57
1614307773, 30, 276, 2407, 1209, 0, 8.37%, 63, 13, 21, 1309.23
1614307779, 30, 369, 2408, 1207, 0, 8.37%, 63, 13, 21, 1212.51
1614307784, 30, 471, 2409, 1204, 0, 8.37%, 63, 13, 21, 1373.81
1614307789, 30, 543, 2412, 1201, 0, 8.37%, 63, 13, 21, 1516.65
1614307794, 30, 605, 2412, 1193, 0, 8.37%, 63, 13, 21, 1400.09
1614307799, 30, 656, 2413, 1188, 0, 8.37%, 64, 13, 21, 1324.88
1614307804, 30, 723, 2415, 1187, 0, 8.37%, 64, 13, 21, 997.72
1614307809, 30, 1163, 2419, 1182, 1, 8.37%, 65, 13, 21, 1376.55
1614307815, 30, 1854, 2424, 1185, 3, 8.37%, 66, 13, 21, 1539.00
1614307820, 30, 2304, 2424, 1182, 3, 8.37%, 66, 13, 21, 1435.42
1614307825, 30, 2417, 2424, 1181, 3, 8.37%, 66, 13, 21, 86.56
1614307840, 30, 2420, 2425, 1181, 2, 8.37%, 66, 13, 21, 1197.01
1614307845, 31, 27, 2431, 1184, 0, 8.37%, 66, 13, 21, 1526.97
1614307850, 31, 159, 2431, 1184, 0, 8.37%, 66, 13, 21, 1453.64
1614307855, 31, 307, 2432, 1184, 1, 8.38%, 66, 13, 21, 1357.09
1614307860, 31, 1697, 2434, 1183, 1, 8.38%, 66, 13, 21, 1372.84
1614307865, 31, 2425, 2435, 1182, 1, 8.38%, 66, 13, 21, 1217.18
1614307871, 31, 2432, 2436, 1181, 0, 8.38%, 66, 13, 21, 221.52
1614307876, 31, 2433, 2436, 1180, 0, 8.38%, 66, 13, 21, 194.35
1614307886, 32, 44, 2436, 1179, 0, 8.38%, 66, 13, 21, 1986.47
1614307891, 32, 138, 2438, 1181, 0, 8.38%, 67, 13, 21, 1417.94
1614307896, 32, 211, 2439, 1182, 0, 8.38%, 68, 13, 21, 116.35
1614307901, 32, 286, 2439, 1181, 0, 8.38%, 68, 13, 21, 1050.45
1614307907, 32, 376, 2439, 1174, 0, 8.38%, 68, 13, 21, 1144.81
1614307912, 32, 479, 2442, 1171, 0, 8.38%, 68, 13, 21, 1279.82
1614307917, 32, 563, 2442, 1168, 0, 8.38%, 68, 13, 21, 1973.13
1614307922, 32, 767, 2443, 1162, 1, 8.38%, 68, 13, 21, 1748.00
1614307927, 32, 2024, 2444, 1159, 1, 8.38%, 68, 13, 21, 1643.98
1614307937, 32, 2024, 2445, 1160, 1, 8.38%, 68, 13, 21, 288.35
1614307943, 32, 2231, 2446, 1160, 2, 8.38%, 68, 13, 21, 66.88
1614307958, 32, 2291, 2446, 1159, 2, 8.38%, 68, 13, 21, 984.91
1614307968, 33, 19, 2451, 1160, 0, 8.38%, 68, 13, 21, 2368.83
1614307973, 33, 115, 2452, 1161, 0, 8.38%, 68, 13, 21, 956.92
1614307978, 33, 204, 2452, 1161, 0, 8.38%, 68, 13, 21, 1293.53
1614307983, 33, 1067, 2455, 1162, 1, 8.39%, 68, 13, 21, 721.12
1614307988, 33, 1667, 2455, 1158, 1, 8.39%, 68, 13, 21, 1287.78
1614307993, 33, 1842, 2455, 1156, 1, 8.39%, 68, 13, 21, 824.68
1614307998, 33, 2143, 2456, 1155, 1, 8.39%, 68, 13, 21, 44.60
1614308034, 33, 2452, 2456, 1153, 1, 8.39%, 68, 13, 21, 87.00
1614308055, 34, 64, 2456, 1151, 0, 8.39%, 68, 13, 21, 1298.24
1614308060, 34, 181, 2457, 1152, 0, 8.39%, 68, 13, 21, 1321.44
1614308065, 34, 1603, 2458, 1148, 1, 8.39%, 68, 13, 21, 1710.51
1614308070, 34, 1711, 2458, 1146, 1, 8.39%, 68, 13, 21, 1412.85
1614308075, 34, 2015, 2458, 1143, 1, 8.39%, 68, 13, 21, 1264.84
1614308080, 34, 2245, 2460, 1143, 1, 8.39%, 69, 13, 21, 1054.26
1614308090, 34, 2463, 2464, 1144, 1, 8.39%, 71, 13, 21, 1160.48
1614308095, 35, 98, 2464, 1143, 0, 8.39%, 71, 13, 21, 750.76
1614308100, 35, 185, 2465, 1144, 0, 8.39%, 71, 13, 21, 1100.34
1614308105, 35, 293, 2465, 1143, 0, 8.39%, 71, 13, 21, 1395.55
1614308111, 35, 401, 2465, 1141, 0, 8.39%, 71, 13, 21, 2093.78
1614308116, 35, 516, 2465, 1138, 0, 8.39%, 71, 13, 21, 1139.10
1614308121, 35, 597, 2465, 1134, 0, 8.39%, 71, 13, 21, 1249.30
1614308126, 35, 612, 2465, 1133, 0, 8.39%, 71, 13, 21, 850.83
1614308131, 35, 658, 2466, 1129, 0, 8.39%, 71, 13, 21, 1017.57
1614308136, 35, 725, 2467, 1127, 1, 8.40%, 71, 13, 21, 28.80
1614308141, 35, 1572, 2471, 1126, 1, 8.40%, 72, 13, 21, 1778.48
1614308146, 35, 1966, 2471, 1123, 1, 8.40%, 72, 13, 21, 38.10
1614308193, 35, 2041, 2471, 1121, 1, 8.40%, 72, 13, 21, 980.19
1614308198, 35, 2342, 2472, 1121, 2, 8.40%, 72, 13, 21, 20.23
1614308291, 35, 2445, 2473, 1120, 2, 8.40%, 72, 13, 21, 1028.42
1614308296, 36, 19, 2478, 1119, 0, 8.45%, 73, 13, 21, 1734.53
1614308301, 36, 140, 2479, 1120, 0, 8.45%, 73, 13, 21, 1686.55
1614308306, 36, 245, 2479, 1120, 0, 8.45%, 73, 13, 21, 906.57
1614308311, 36, 347, 2480, 1119, 0, 8.45%, 73, 13, 21, 1415.10
1614308316, 36, 479, 2480, 1115, 0, 8.45%, 73, 13, 21, 1465.93
1614308321, 36, 558, 2481, 1109, 0, 8.45%, 73, 13, 21, 132.78
1614308326, 36, 625, 2482, 1106, 0, 8.45%, 73, 13, 21, 2427.41
1614308331, 36, 667, 2482, 1101, 0, 8.45%, 73, 13, 21, 1069.36
1614308336, 36, 732, 2482, 1095, 0, 8.45%, 74, 13, 21, 1558.59
1614308341, 36, 824, 2482, 1086, 0, 8.45%, 74, 13, 21, 1324.28
1614308347, 36, 861, 2484, 1082, 0, 8.45%, 74, 13, 21, 691.23
1614308352, 36, 926, 2486, 1078, 0, 8.45%, 74, 13, 21, 1345.63
1614308357, 36, 1001, 2486, 1070, 0, 8.45%, 74, 13, 21, 347.37
1614308362, 36, 1057, 2487, 1062, 0, 8.45%, 74, 13, 21, 1067.37
1614308367, 36, 1106, 2487, 1053, 0, 8.45%, 74, 13, 21, 1311.32
1614308372, 36, 1189, 2489, 1049, 0, 8.45%, 75, 13, 21, 1722.50
1614308377, 36, 1999, 2491, 1047, 1, 8.46%, 76, 13, 21, 75.24
1614308423, 36, 2005, 2491, 1046, 1, 8.46%, 76, 13, 21, 1443.17
1614308429, 36, 2172, 2491, 1045, 1, 8.46%, 76, 13, 21, 115.03
1614308439, 36, 2465, 2491, 1044, 1, 8.46%, 76, 13, 21, 49.64
1614308485, 36, 2490, 2493, 1044, 0, 8.46%, 76, 13, 21, 1780.56
1614308490, 37, 104, 2493, 1043, 0, 8.46%, 76, 13, 21, 1431.53
1614308495, 37, 195, 2493, 1043, 0, 8.46%, 76, 13, 21, 1574.13
1614308500, 37, 269, 2495, 1044, 0, 8.46%, 76, 13, 21, 1386.64
1614308505, 37, 400, 2496, 1044, 0, 8.46%, 76, 13, 21, 443.91
1614308510, 37, 543, 2496, 1042, 0, 8.46%, 76, 13, 21, 408.66
1614308515, 37, 1110, 2498, 1039, 1, 8.46%, 78, 13, 21, 254.55
1614308520, 37, 1692, 2498, 1036, 1, 8.46%, 78, 13, 21, 1228.91
1614308525, 37, 1695, 2498, 1035, 1, 8.46%, 78, 13, 21, 1277.14
1614308531, 37, 2159, 2498, 1032, 1, 8.46%, 78, 13, 21, 146.84
1614308566, 37, 2232, 2498, 1031, 1, 8.46%, 78, 13, 21, 918.67
1614308572, 38, 44, 2502, 1031, 0, 8.47%, 78, 13, 21, 1830.58
1614308577, 38, 172, 2502, 1031, 0, 8.47%, 78, 13, 21, 1551.46
1614308582, 38, 249, 2502, 1031, 0, 8.47%, 78, 13, 21, 304.13
1614308587, 38, 416, 2502, 1029, 0, 8.47%, 78, 13, 21, 2011.51
1614308592, 38, 544, 2502, 1028, 0, 8.47%, 78, 13, 21, 874.60
1614308597, 38, 620, 2502, 1023, 0, 8.47%, 78, 13, 21, 1268.87
1614308602, 38, 674, 2502, 1020, 0, 8.47%, 78, 13, 21, 1310.78
1614308608, 38, 757, 2504, 1017, 0, 8.47%, 78, 13, 21, 2267.01
1614308613, 38, 774, 2504, 1014, 0, 8.47%, 78, 13, 21, 230.37
1614308618, 38, 835, 2504, 1006, 0, 8.47%, 78, 13, 21, 1691.31
1614308623, 38, 881, 2505, 998, 0, 8.47%, 78, 13, 21, 1613.01
1614308628, 38, 1785, 2508, 997, 1, 8.47%, 79, 13, 21, 1450.22
1614308634, 38, 2081, 2508, 995, 1, 8.47%, 79, 13, 21, 357.57
1614308639, 38, 2082, 2509, 995, 1, 8.47%, 79, 13, 21, 439.90
1614308649, 38, 2204, 2509, 993, 1, 8.47%, 79, 13, 21, 2621.34
1614308654, 38, 2329, 2509, 993, 1, 8.47%, 79, 13, 21, 185.53
1614308664, 39, 44, 2510, 992, 0, 8.47%, 79, 13, 21, 1335.13
1614308669, 39, 175, 2511, 993, 0, 8.47%, 79, 13, 21, 1391.47
1614308674, 39, 285, 2512, 993, 0, 8.47%, 79, 13, 21, 1280.45
1614308679, 39, 415, 2512, 992, 0, 8.47%, 79, 13, 21, 599.78
1614308685, 39, 535, 2512, 991, 0, 8.47%, 80, 13, 21, 1059.46
1614308690, 39, 595, 2512, 984, 0, 8.47%, 80, 13, 21, 1500.61
1614308695, 39, 665, 2512, 983, 0, 8.47%, 80, 13, 21, 1487.50
1614308700, 39, 1593, 2513, 980, 1, 8.47%, 80, 13, 21, 1281.91
1614308705, 39, 1675, 2513, 980, 1, 8.47%, 80, 13, 21, 673.39
1614308710, 39, 1744, 2513, 978, 1, 8.47%, 80, 13, 21, 813.14
1614308715, 39, 1945, 2513, 977, 1, 8.47%, 80, 13, 21, 523.61
1614308720, 39, 2312, 2513, 976, 1, 8.47%, 80, 13, 21, 537.28
1614308725, 39, 2446, 2513, 973, 1, 8.47%, 80, 13, 21, 684.38
1614308735, 39, 2514, 2517, 974, 0, 8.47%, 80, 13, 21, 709.86
1614308746, 39, 2515, 2517, 973, 0, 8.47%, 80, 13, 21, 242.18
1614308751, 40, 35, 2517, 972, 0, 8.47%, 80, 13, 21, 138.66
1614308756, 40, 181, 2517, 972, 0, 8.47%, 80, 13, 21, 1557.97
1614308761, 40, 685, 2519, 974, 1, 8.47%, 80, 13, 21, 1105.63
1614308766, 40, 1757, 2522, 976, 1, 8.47%, 80, 13, 21, 1131.59
1614308771, 40, 1841, 2522, 975, 1, 8.47%, 80, 13, 21, 935.11
1614308776, 40, 2519, 2522, 971, 0, 8.47%, 80, 13, 21, 1319.14
1614308781, 41, 98, 2522, 970, 0, 8.47%, 80, 13, 21, 1879.84
1614308786, 41, 213, 2522, 970, 0, 8.47%, 80, 13, 21, 1573.83
1614308792, 41, 391, 2522, 970, 0, 8.47%, 80, 13, 21, 2114.83
1614308797, 41, 530, 2523, 971, 0, 8.47%, 80, 13, 21, 1562.12
1614308802, 41, 625, 2523, 971, 0, 8.47%, 80, 13, 21, 1713.78
1614308807, 41, 690, 2523, 970, 0, 8.47%, 80, 13, 21, 1359.43
1614308812, 41, 1182, 2525, 969, 1, 8.94%, 80, 13, 21, 929.59
1614308817, 41, 1789, 2527, 969, 1, 8.94%, 80, 13, 21, 1351.25
1614308822, 41, 1948, 2527, 967, 1, 8.94%, 80, 13, 21, 516.34
1614308827, 41, 2215, 2527, 966, 1, 8.94%, 80, 13, 21, 1241.24
1614308832, 41, 2529, 2549, 984, 6, 9.21%, 81, 13, 21, 2217.74
1614308837, 41, 2543, 2574, 1005, 8, 9.89%, 82, 13, 21, 1910.16
1614308843, 41, 2568, 2593, 1018, 10, 9.97%, 82, 13, 21, 2206.70
1614308848, 41, 2585, 2608, 1028, 10, 10.02%, 83, 13, 21, 173.15
1614308853, 41, 2599, 2628, 1042, 16, 10.02%, 84, 13, 21, 2448.93
1614308858, 41, 2607, 2653, 1063, 15, 10.11%, 84, 13, 21, 1597.74
1614308863, 41, 2628, 2662, 1067, 16, 10.11%, 84, 13, 21, 1687.11
1614308868, 41, 2634, 2671, 1073, 16, 10.13%, 84, 13, 21, 624.18
1614308873, 41, 2643, 2682, 1081, 16, 10.13%, 85, 13, 21, 1888.16
1614308878, 41, 2654, 2690, 1084, 13, 10.13%, 85, 13, 21, 1595.00
1614308883, 41, 2671, 2697, 1086, 13, 10.14%, 85, 13, 21, 1598.32
1614308888, 41, 2683, 2707, 1092, 11, 10.14%, 86, 13, 21, 848.74
1614308894, 41, 2692, 2714, 1094, 7, 10.16%, 86, 13, 21, 20.25
1614308899, 41, 2711, 2719, 1093, 3, 10.17%, 87, 13, 21, 2420.50
1614308904, 41, 2722, 2730, 1101, 4, 10.19%, 87, 13, 21, 12.32
1614308909, 41, 2730, 2739, 1107, 3, 10.19%, 87, 13, 21, 471.33
1614308914, 41, 2740, 2745, 1111, 3, 10.21%, 87, 13, 21, 839.07
1614308919, 41, 2748, 2760, 1122, 3, 10.21%, 88, 13, 21, 1442.25
1614308925, 41, 2760, 2767, 1127, 4, 10.21%, 88, 13, 21, 193.13
1614308930, 41, 2766, 2774, 1131, 3, 10.21%, 88, 13, 21, 1102.55
1614308935, 41, 2778, 2784, 1136, 6, 10.22%, 88, 13, 23, 1695.47
1614308940, 41, 2786, 2798, 1146, 7, 10.22%, 90, 13, 24, 1521.03
1614308946, 41, 2800, 2806, 1150, 6, 10.22%, 91, 13, 26, 248.41
1614308951, 42, 1308, 2806, 1146, 4, 10.22%, 92, 13, 26, 1897.14
1614308956, 42, 1645, 2810, 1147, 4, 10.23%, 92, 13, 26, 1922.77
1614308961, 42, 2283, 2810, 1145, 4, 10.23%, 92, 13, 26, 1291.60
1614308966, 42, 2482, 2810, 1143, 4, 10.23%, 92, 13, 26, 31.95
1614309002, 42, 2785, 2814, 1142, 1, 10.23%, 92, 13, 26, 2036.20
1614309008, 42, 2815, 2817, 1143, 1, 10.23%, 92, 13, 26, 885.29
1614309013, 43, 79, 2819, 1143, 0, 10.23%, 92, 13, 26, 1386.61
1614309018, 43, 198, 2820, 1144, 0, 10.23%, 92, 13, 26, 168.87
1614309023, 43, 307, 2821, 1145, 0, 10.23%, 92, 13, 26, 525.37
1614309029, 43, 1455, 2824, 1144, 1, 10.41%, 92, 13, 26, 1076.55
1614309034, 43, 1891, 2824, 1141, 1, 10.41%, 92, 13, 26, 1148.20
1614309039, 43, 2021, 2824, 1140, 1, 10.41%, 92, 13, 26, 1130.23
1614309044, 43, 2027, 2825, 1140, 1, 10.41%, 92, 13, 26, 186.00
1614309054, 43, 2116, 2825, 1139, 1, 10.41%, 92, 13, 26, 523.71
1614309059, 43, 2525, 2825, 1138, 1, 10.41%, 92, 13, 26, 848.56
1614309064, 43, 2584, 2827, 1139, 1, 10.42%, 93, 13, 26, 800.78
1614309069, 43, 2822, 2836, 1145, 4, 10.47%, 94, 13, 26, 1293.07
1614309075, 43, 2831, 2842, 1149, 4, 10.48%, 95, 13, 26, 837.41
1614309080, 43, 2851, 2856, 1158, 4, 10.48%, 96, 13, 26, 1353.39
1614309085, 43, 2860, 2864, 1161, 1, 10.49%, 99, 13, 26, 1435.91
1614309090, 43, 2870, 2875, 1168, 3, 10.49%, 102, 13, 26, 2379.43
1614309095, 44, 1288, 2878, 1167, 1, 10.49%, 102, 13, 26, 108.64
1614309100, 44, 1609, 2881, 1169, 2, 10.49%, 102, 13, 26, 1064.32
1614309105, 44, 1757, 2881, 1167, 2, 10.49%, 102, 13, 26, 1101.95
1614309111, 44, 1968, 2881, 1166, 2, 10.49%, 102, 13, 26, 56.46
1614309161, 44, 2043, 2887, 1169, 4, 10.50%, 103, 13, 26, 1242.57
1614309166, 44, 2560, 2889, 1169, 4, 10.50%, 103, 13, 26, 11.11
1614309172, 44, 2883, 2905, 1180, 4, 10.53%, 104, 13, 26, 1411.70
1614309177, 44, 2908, 2921, 1191, 2, 10.53%, 106, 13, 26, 1934.50
1614309182, 45, 32, 2928, 1193, 0, 10.53%, 107, 13, 26, 390.64
1614309187, 45, 140, 2929, 1194, 0, 10.53%, 107, 13, 26, 1663.46
1614309192, 45, 224, 2929, 1194, 0, 10.53%, 107, 13, 26, 1214.56
1614309197, 45, 430, 2929, 1194, 0, 10.53%, 107, 13, 26, 1424.39
1614309203, 45, 530, 2933, 1197, 0, 10.53%, 107, 13, 26, 500.50
1614309208, 45, 638, 2933, 1197, 0, 10.53%, 107, 13, 26, 1270.56
1614309213, 45, 731, 2933, 1195, 0, 10.53%, 107, 13, 26, 1404.16
1614309218, 45, 820, 2936, 1191, 0, 10.53%, 107, 13, 26, 1265.76
1614309223, 45, 911, 2936, 1187, 0, 10.53%, 108, 13, 26, 1334.67
1614309228, 45, 1157, 2939, 1184, 1, 10.53%, 108, 13, 26, 1456.29
1614309233, 45, 1955, 2939, 1179, 1, 10.53%, 108, 13, 26, 1022.42
1614309238, 45, 2151, 2939, 1178, 1, 10.53%, 108, 13, 26, 85.47
1614309259, 45, 2569, 2939, 1176, 1, 10.53%, 108, 13, 26, 1193.35
1614309264, 46, 2, 2944, 1175, 0, 10.53%, 109, 13, 26, 2160.33
1614309269, 46, 116, 2944, 1175, 0, 10.53%, 110, 13, 26, 1130.74
1614309274, 46, 251, 2945, 1176, 0, 10.53%, 110, 13, 26, 1295.56
1614309279, 46, 416, 2947, 1177, 0, 10.53%, 110, 13, 26, 1113.22
1614309284, 46, 530, 2947, 1174, 0, 10.53%, 110, 13, 26, 1315.00
1614309290, 46, 617, 2947, 1174, 0, 10.53%, 111, 13, 26, 1423.05
1614309295, 46, 690, 2948, 1174, 0, 10.53%, 111, 13, 26, 1713.53
1614309300, 46, 801, 2948, 1171, 0, 10.53%, 111, 13, 26, 1741.41
1614309305, 46, 917, 2952, 1173, 0, 10.53%, 111, 13, 26, 1705.19
1614309310, 46, 1656, 2953, 1172, 1, 10.53%, 111, 13, 26, 1866.43
1614309315, 46, 1796, 2953, 1171, 1, 10.53%, 111, 13, 26, 1200.18
1614309320, 46, 1898, 2954, 1170, 1, 10.53%, 111, 13, 26, 238.40
1614309331, 46, 1945, 2954, 1168, 1, 10.53%, 111, 13, 26, 777.94
1614309336, 46, 2171, 2954, 1167, 1, 10.53%, 111, 13, 26, 1109.91
1614309341, 46, 2586, 2956, 1167, 2, 10.53%, 111, 13, 26, 1233.43
1614309346, 46, 2955, 2960, 1166, 2, 10.54%, 111, 13, 26, 1493.94
1614309351, 46, 2960, 2964, 1168, 1, 10.54%, 111, 13, 26, 373.51
1614309356, 46, 2961, 2973, 1176, 1, 10.54%, 112, 13, 26, 152.05
1614309361, 47, 44, 2973, 1173, 0, 10.54%, 113, 13, 26, 901.27
1614309366, 47, 1418, 2975, 1174, 1, 10.55%, 113, 13, 26, 1349.65
1614309371, 47, 2290, 2976, 1170, 1, 10.55%, 113, 13, 26, 1248.55
1614309377, 47, 2366, 2976, 1169, 1, 10.55%, 113, 13, 26, 479.20
1614309382, 47, 2413, 2978, 1169, 3, 10.64%, 113, 13, 26, 1045.12
1614309387, 47, 2608, 2980, 1168, 3, 10.64%, 113, 13, 26, 44.05
1614309417, 47, 2875, 2989, 1174, 3, 10.64%, 114, 13, 26, 1798.27
1614309422, 47, 2973, 2992, 1176, 3, 10.64%, 114, 13, 26, 399.15
1614309428, 47, 2994, 3005, 1186, 6, 10.65%, 114, 13, 26, 1007.97
1614309433, 47, 2997, 3013, 1192, 7, 10.65%, 114, 13, 26, 959.03
1614309438, 47, 3005, 3021, 1196, 5, 10.66%, 114, 13, 26, 998.50
1614309443, 47, 3023, 3032, 1201, 3, 10.66%, 115, 13, 26, 1828.97
1614309448, 48, 14, 3038, 1202, 0, 10.66%, 116, 13, 26, 404.60
1614309453, 48, 167, 3040, 1204, 0, 10.66%, 116, 13, 26, 1207.79
1614309458, 48, 1560, 3043, 1206, 4, 10.66%, 116, 13, 26, 1305.00
1614309463, 48, 1971, 3043, 1203, 4, 10.66%, 116, 13, 26, 1406.18
1614309468, 48, 2025, 3043, 1202, 4, 10.66%, 116, 13, 26, 192.25
1614309474, 48, 2236, 3044, 1202, 4, 10.66%, 116, 13, 26, 582.44
1614309479, 48, 2565, 3044, 1201, 4, 10.66%, 116, 13, 26, 6.01
1614309484, 48, 2927, 3052, 1206, 2, 10.66%, 116, 13, 26, 82.19
1614309520, 48, 3040, 3052, 1205, 2, 10.66%, 116, 13, 26, 634.71
1614309525, 48, 3051, 3052, 1202, 0, 10.66%, 116, 13, 26, 2633.32
1614309531, 49, 123, 3053, 1202, 0, 10.66%, 116, 13, 26, 1418.09
1614309536, 49, 251, 3053, 1202, 0, 10.66%, 116, 13, 26, 2303.77
1614309541, 49, 385, 3055, 1203, 0, 10.66%, 116, 13, 26, 1828.78
1614309546, 49, 1395, 3057, 1200, 1, 10.66%, 117, 13, 26, 1819.94
1614309551, 49, 1923, 3057, 1198, 1, 10.66%, 117, 13, 26, 1349.38
1614309556, 49, 2176, 3058, 1198, 1, 10.66%, 117, 13, 26, 114.57
1614309566, 49, 2886, 3058, 1196, 1, 10.66%, 117, 13, 26, 1463.39
1614309572, 50, 282, 3062, 1195, 2, 10.66%, 118, 13, 26, 1511.03
1614309577, 50, 1801, 3062, 1192, 2, 10.66%, 118, 13, 26, 1296.66
1614309582, 50, 2223, 3064, 1192, 2, 10.66%, 118, 13, 26, 9.77
1614309587, 50, 2704, 3065, 1191, 2, 10.66%, 118, 13, 26, 1139.30
1614309593, 50, 2789, 3065, 1190, 2, 10.66%, 118, 13, 26, 1016.48
1614309598, 50, 3066, 3070, 1191, 2, 10.66%, 118, 13, 26, 1509.08
1614309603, 51, 1464, 3072, 1190, 1, 10.66%, 118, 13, 26, 78.34
1614309608, 51, 1825, 3072, 1189, 1, 10.66%, 118, 13, 26, 1981.93
1614309613, 51, 2166, 3076, 1193, 2, 10.66%, 118, 13, 26, 152.32
1614309633, 51, 2688, 3079, 1192, 2, 10.66%, 118, 13, 26, 1000.34
1614309639, 52, 27, 3080, 1189, 0, 10.66%, 118, 13, 26, 1802.90
1614309644, 52, 140, 3081, 1190, 0, 10.66%, 118, 13, 26, 1637.84
1614309649, 52, 239, 3083, 1192, 0, 10.66%, 118, 13, 26, 60.11
1614309654, 52, 442, 3083, 1192, 0, 10.66%, 118, 13, 26, 1332.10
1614309659, 52, 559, 3085, 1194, 0, 10.66%, 118, 13, 26, 721.90
1614309664, 52, 1730, 3085, 1190, 1, 10.66%, 118, 13, 26, 1391.07
1614309669, 52, 2049, 3085, 1188, 1, 10.66%, 118, 13, 26, 1235.64
1614309674, 52, 2162, 3085, 1186, 1, 10.66%, 118, 13, 26, 304.35
1614309679, 52, 2293, 3085, 1186, 1, 10.66%, 118, 13, 26, 179.44
1614309684, 52, 2388, 3085, 1185, 1, 10.66%, 118, 13, 26, 1138.04
1614309695, 52, 2585, 3085, 1182, 1, 10.66%, 118, 13, 26, 907.45
1614309700, 52, 2666, 3087, 1184, 1, 10.66%, 118, 13, 26, 327.23
1614309705, 52, 2899, 3087, 1180, 1, 10.66%, 120, 13, 26, 1119.32
1614309710, 52, 3022, 3088, 1180, 1, 10.66%, 120, 14, 26, 900.92
1614309715, 53, 41, 3088, 1177, 0, 10.66%, 120, 14, 26, 1225.96
1614309720, 53, 156, 3092, 1181, 0, 10.66%, 120, 14, 26, 1554.64
1614309726, 53, 246, 3093, 1182, 0, 10.66%, 120, 14, 26, 1081.84
1614309731, 53, 397, 3093, 1182, 0, 10.66%, 120, 14, 26, 1306.54
1614309736, 53, 542, 3094, 1183, 0, 10.66%, 120, 14, 26, 1389.03
1614309741, 53, 653, 3094, 1182, 0, 10.66%, 120, 14, 26, 1523.11
1614309746, 53, 766, 3095, 1182, 0, 10.66%, 120, 14, 26, 1537.39
1614309752, 53, 887, 3095, 1178, 0, 10.66%, 120, 14, 26, 1679.00
1614309757, 53, 1722, 3097, 1176, 1, 10.67%, 120, 14, 26, 1701.77
1614309762, 53, 1894, 3097, 1175, 1, 10.67%, 120, 14, 26, 917.33
1614309767, 53, 2286, 3099, 1173, 1, 10.67%, 120, 14, 26, 1264.19
1614309772, 53, 2521, 3100, 1173, 1, 10.67%, 120, 14, 26, 102.48
1614309777, 53, 2742, 3101, 1169, 1, 10.67%, 120, 14, 26, 1546.90
1614309782, 53, 3088, 3101, 1166, 1, 10.67%, 120, 14, 26, 171.79
1614309808, 53, 3097, 3103, 1166, 0, 10.67%, 120, 14, 26, 990.33
1614309813, 53, 3101, 3104, 1164, 0, 10.67%, 120, 14, 26, 6.89
1614309818, 53, 3105, 3107, 1165, 0, 10.67%, 120, 15, 26, 162.81
1614309823, 53, 3105, 3110, 1168, 0, 10.67%, 120, 15, 26, 23.97
1614309829, 53, 3105, 3110, 1168, 0, 10.67%, 120, 16, 26, 7.23
1614309834, 54, 135, 3111, 1168, 0, 10.67%, 120, 16, 26, 2190.86
1614309839, 54, 251, 3112, 1169, 0, 10.67%, 120, 16, 26, 102.47
1614309844, 54, 428, 3112, 1169, 0, 10.67%, 120, 16, 26, 1448.82
1614309849, 54, 604, 3114, 1171, 0, 10.67%, 120, 16, 26, 1533.85
1614309854, 54, 667, 3114, 1170, 0, 10.67%, 120, 16, 26, 1641.38
1614309859, 54, 805, 3114, 1165, 0, 10.67%, 120, 16, 26, 1605.34
1614309865, 54, 886, 3114, 1161, 0, 10.67%, 121, 16, 26, 1519.60
1614309870, 54, 991, 3117, 1158, 0, 10.67%, 121, 16, 26, 1621.57
1614309875, 54, 1057, 3119, 1156, 0, 10.67%, 121, 16, 26, 1996.97
1614309880, 54, 1145, 3119, 1151, 0, 10.67%, 121, 16, 26, 1921.79
1614309885, 54, 1200, 3119, 1147, 0, 10.67%, 121, 16, 26, 2054.32
1614309890, 54, 1253, 3123, 1145, 0, 10.67%, 121, 16, 26, 52.53
1614309895, 54, 1876, 3123, 1142, 1, 10.67%, 121, 16, 26, 1718.91
1614309900, 54, 1879, 3123, 1142, 1, 10.67%, 121, 16, 26, 77.87
1614309921, 54, 2179, 3123, 1140, 1, 10.67%, 121, 16, 26, 404.44
1614309926, 54, 2256, 3123, 1139, 1, 10.67%, 121, 16, 26, 2798.08
1614309931, 54, 2658, 3123, 1136, 1, 10.67%, 121, 16, 26, 1732.09
1614309936, 54, 2748, 3125, 1137, 1, 10.67%, 122, 17, 26, 12.27
1614309941, 54, 3122, 3126, 1137, 2, 10.67%, 122, 17, 26, 1899.65
1614309947, 55, 44, 3129, 1137, 0, 10.67%, 122, 17, 26, 151.30
1614309952, 55, 192, 3130, 1138, 0, 10.67%, 122, 17, 26, 2440.97
1614309957, 55, 397, 3130, 1138, 0, 10.67%, 122, 17, 26, 990.10
1614309962, 55, 530, 3130, 1138, 0, 10.67%, 122, 17, 26, 1301.75
1614309967, 55, 625, 3132, 1140, 0, 10.67%, 122, 17, 26, 1443.70
1614309973, 55, 1580, 3134, 1141, 1, 10.67%, 122, 17, 26, 1135.80
1614309978, 55, 2079, 3134, 1141, 1, 10.67%, 122, 17, 26, 196.00
1614309988, 55, 2233, 3135, 1141, 1, 10.67%, 122, 17, 26, 1265.30
1614309993, 55, 2994, 3136, 1138, 3, 10.67%, 122, 17, 26, 1347.53
1614309998, 56, 14, 3138, 1136, 0, 10.67%, 122, 17, 26, 949.59
1614310003, 56, 150, 3138, 1136, 0, 10.67%, 122, 17, 26, 1509.59
1614310008, 56, 239, 3140, 1138, 0, 10.67%, 122, 17, 26, 1491.59
1614310014, 56, 401, 3140, 1138, 0, 10.67%, 122, 17, 26, 2429.93
1614310019, 56, 439, 3141, 1139, 0, 10.67%, 122, 17, 26, 4.71
1614310024, 56, 530, 3142, 1140, 0, 10.67%, 122, 17, 26, 71.57
1614310029, 56, 617, 3142, 1140, 0, 10.67%, 122, 17, 26, 207.79
1614310034, 56, 998, 3143, 1141, 1, 10.67%, 122, 17, 26, 1191.41
1614310040, 56, 1399, 3143, 1138, 1, 10.67%, 122, 17, 26, 154.95
1614310045, 56, 2044, 3143, 1134, 1, 10.67%, 122, 17, 26, 1591.29
1614310050, 56, 2692, 3143, 1130, 1, 10.67%, 122, 17, 26, 1757.20
1614310055, 57, 103, 3143, 1129, 0, 10.67%, 122, 17, 26, 1698.17
1614310060, 57, 195, 3144, 1130, 0, 10.67%, 122, 17, 26, 1158.84
1614310065, 57, 367, 3145, 1131, 0, 10.67%, 122, 17, 26, 1643.60
1614310070, 57, 452, 3146, 1132, 0, 10.67%, 122, 17, 26, 1304.99
1614310076, 57, 577, 3148, 1134, 0, 10.67%, 122, 17, 26, 811.46
1614310081, 57, 1793, 3151, 1134, 1, 10.67%, 122, 17, 26, 1757.78
1614310086, 57, 2003, 3151, 1132, 1, 10.67%, 122, 17, 26, 1178.96
1614310091, 57, 2334, 3151, 1130, 1, 10.67%, 122, 17, 26, 223.04
1614310096, 57, 2334, 3152, 1131, 1, 10.67%, 122, 17, 26, 261.81
1614310101, 57, 2813, 3152, 1128, 1, 10.67%, 123, 17, 26, 1772.40
1614310106, 58, 27, 3156, 1127, 0, 10.67%, 123, 17, 26, 2309.06
1614310111, 58, 156, 3156, 1127, 0, 10.67%, 123, 17, 26, 1109.43
1614310117, 58, 223, 3156, 1127, 0, 10.67%, 123, 17, 26, 6.68
1614310122, 58, 439, 3156, 1127, 0, 10.67%, 123, 17, 26, 1272.84
1614310127, 58, 589, 3157, 1128, 0, 10.67%, 123, 17, 26, 1229.65
1614310133, 58, 644, 3157, 1128, 0, 10.67%, 123, 17, 26, 1680.53
1614310138, 58, 745, 3159, 1129, 0, 10.67%, 123, 17, 26, 1523.82
1614310143, 58, 856, 3160, 1128, 0, 10.67%, 123, 17, 26, 1351.74
1614310148, 58, 978, 3160, 1121, 0, 10.67%, 123, 17, 26, 1647.25
1614310153, 58, 1078, 3160, 1117, 0, 10.67%, 123, 17, 26, 1062.40
1614310158, 58, 1141, 3160, 1108, 0, 10.67%, 123, 17, 26, 1461.26
1614310164, 58, 1223, 3160, 1104, 0, 10.67%, 123, 17, 26, 1387.81
1614310169, 58, 1233, 3160, 1101, 0, 10.67%, 123, 17, 26, 71.85
1614310174, 58, 1304, 3160, 1098, 0, 10.67%, 123, 17, 26, 1623.23
1614310179, 58, 1356, 3160, 1094, 0, 10.67%, 123, 17, 26, 1608.33
1614310184, 58, 1384, 3161, 1092, 0, 10.67%, 123, 17, 26, 1682.54
1614310190, 58, 1409, 3161, 1088, 0, 10.67%, 123, 17, 26, 2033.07
1614310195, 58, 1448, 3161, 1084, 0, 10.67%, 123, 17, 26, 1772.24
1614310200, 58, 1491, 3162, 1082, 0, 10.67%, 123, 17, 26, 1869.31
1614310205, 58, 1515, 3162, 1080, 0, 10.67%, 123, 17, 26, 2008.68
1614310210, 58, 1762, 3164, 1079, 1, 10.69%, 123, 17, 26, 1201.76
1614310215, 58, 2079, 3165, 1078, 1, 10.69%, 123, 17, 26, 557.21
1614310220, 58, 2147, 3165, 1078, 1, 10.69%, 123, 17, 26, 43.40
1614310256, 58, 2292, 3165, 1076, 1, 10.69%, 123, 17, 26, 1297.06
1614310261, 58, 2317, 3165, 1076, 1, 10.69%, 123, 17, 26, 427.23
1614310266, 58, 2603, 3165, 1073, 1, 10.69%, 123, 17, 26, 1278.25
1614310271, 58, 3166, 3168, 1071, 0, 10.69%, 123, 17, 26, 2266.13
1614310276, 58, 3168, 3169, 1071, 0, 10.69%, 123, 17, 27, 50.71
1614310281, 58, 3168, 3171, 1073, 0, 10.69%, 123, 17, 28, 11.54
1614310286, 59, 58, 3172, 1073, 0, 10.69%, 123, 17, 28, 1287.18
1614310291, 59, 150, 3173, 1074, 0, 10.69%, 123, 17, 28, 1596.19
1614310296, 59, 297, 3173, 1074, 0, 10.69%, 123, 17, 28, 1714.56
1614310301, 59, 400, 3173, 1074, 0, 10.69%, 123, 17, 28, 17.39
1614310306, 59, 531, 3173, 1074, 0, 10.69%, 123, 17, 28, 1038.15
1614310312, 59, 610, 3174, 1074, 0, 10.69%, 123, 17, 28, 30.65
1614310317, 59, 666, 3174, 1073, 0, 10.69%, 123, 17, 28, 1661.15
1614310322, 59, 773, 3174, 1073, 0, 10.69%, 123, 17, 28, 1804.86
1614310327, 59, 874, 3174, 1071, 0, 10.69%, 123, 17, 28, 941.74
1614310332, 59, 978, 3174, 1068, 0, 10.69%, 123, 17, 28, 1027.08
1614310337, 59, 1125, 3174, 1064, 0, 10.69%, 123, 17, 28, 1291.49
1614310342, 59, 1206, 3174, 1060, 0, 10.69%, 123, 17, 28, 1506.36
1614310347, 59, 1390, 3176, 1061, 1, 10.69%, 123, 17, 28, 1561.80
1614310353, 59, 1560, 3176, 1061, 1, 10.69%, 123, 17, 28, 23.45
1614310358, 59, 1719, 3176, 1060, 1, 10.69%, 123, 17, 28, 1033.17
1614310363, 59, 2476, 3176, 1058, 1, 10.69%, 123, 17, 28, 1255.68
1614310368, 59, 2802, 3180, 1059, 3, 10.69%, 123, 17, 28, 89.90
1614310373, 59, 3174, 3182, 1059, 3, 10.69%, 123, 17, 28, 813.74
1614310379, 59, 3178, 3190, 1066, 4, 10.69%, 123, 17, 28, 2381.88
1614310384, 59, 3187, 3191, 1065, 2, 10.69%, 123, 17, 28, 62.29
1614310399, 59, 3187, 3192, 1066, 2, 10.69%, 123, 17, 28, 62.81
1614310404, 59, 3187, 3195, 1069, 2, 10.69%, 124, 17, 28, 46.44
1614310409, 59, 3187, 3200, 1074, 2, 10.69%, 125, 17, 28, 235.35
1614310414, 59, 3191, 3200, 1072, 1, 10.69%, 125, 17, 28, 181.01
1614310429, 59, 3191, 3201, 1073, 1, 10.69%, 125, 17, 28, 104.72
1614310435, 59, 3196, 3202, 1073, 0, 10.69%, 125, 17, 28, 193.54
1614310440, 60, 66, 3202, 1072, 0, 10.69%, 125, 17, 28, 1160.70
1614310445, 60, 175, 3202, 1072, 0, 10.69%, 125, 17, 28, 248.30
1614310450, 60, 277, 3202, 1072, 0, 10.69%, 125, 17, 28, 1433.63
1614310457, 60, 397, 3202, 1072, 0, 10.69%, 125, 17, 28, 22.12
1614310462, 60, 543, 3202, 1072, 0, 10.69%, 125, 17, 28, 1503.14
1614310467, 60, 658, 3202, 1072, 0, 10.69%, 125, 17, 28, 1404.54
1614310473, 60, 1668, 3204, 1072, 1, 10.69%, 125, 17, 28, 1395.10
1614310478, 60, 1806, 3204, 1070, 1, 10.69%, 125, 17, 28, 1116.81
1614310483, 60, 2038, 3205, 1070, 1, 10.69%, 125, 17, 28, 1134.79
1614310488, 60, 2198, 3205, 1069, 1, 10.69%, 125, 17, 28, 33.74
1614310493, 60, 2301, 3205, 1068, 1, 10.69%, 125, 17, 28, 1273.25
1614310498, 60, 2917, 3205, 1065, 1, 10.69%, 125, 17, 28, 871.31
1614310503, 61, 67, 3206, 1063, 0, 10.69%, 125, 17, 28, 2013.44
1614310508, 61, 179, 3206, 1063, 0, 10.69%, 125, 17, 28, 1120.26
1614310514, 61, 1121, 3208, 1065, 1, 10.70%, 125, 17, 28, 998.28
1614310519, 61, 1659, 3209, 1063, 2, 10.70%, 125, 17, 28, 1216.56
1614310524, 61, 1967, 3209, 1061, 2, 10.70%, 125, 17, 28, 37.56
1614310569, 61, 2062, 3209, 1060, 2, 10.70%, 125, 17, 28, 1098.72
1614310574, 61, 2423, 3209, 1059, 2, 10.70%, 125, 17, 28, 157.64
1614310584, 61, 2480, 3211, 1060, 2, 10.70%, 125, 17, 28, 153.32
1614310595, 61, 2525, 3214, 1062, 2, 10.70%, 125, 17, 28, 2013.69
1614310600, 61, 2967, 3215, 1060, 2, 10.70%, 125, 17, 28, 250.60
1614310605, 61, 3194, 3215, 1059, 2, 10.70%, 125, 17, 28, 74.25
1614310620, 62, 27, 3215, 1056, 0, 10.70%, 125, 17, 28, 1434.02
1614310625, 62, 181, 3215, 1056, 0, 10.70%, 125, 17, 28, 1648.03
1614310630, 62, 937, 3217, 1058, 1, 10.70%, 125, 17, 28, 1051.77
1614310635, 62, 1712, 3217, 1056, 1, 10.70%, 125, 17, 28, 1074.17
1614310640, 62, 1830, 3217, 1054, 1, 10.70%, 125, 17, 28, 1244.07
1614310645, 62, 1947, 3217, 1054, 1, 10.70%, 125, 17, 28, 147.35
1614310650, 62, 2106, 3217, 1053, 1, 10.70%, 125, 17, 28, 1047.82
1614310655, 62, 2980, 3217, 1049, 1, 10.70%, 125, 17, 28, 160.26
1614310661, 63, 27, 3218, 1047, 0, 10.70%, 125, 17, 28, 2018.94
1614310666, 63, 91, 3218, 1047, 0, 10.70%, 125, 17, 28, 1285.15
1614310671, 63, 186, 3218, 1047, 0, 10.70%, 125, 17, 28, 1168.39
1614310676, 63, 663, 3219, 1048, 1, 10.71%, 125, 17, 28, 1249.29
1614310681, 63, 1618, 3222, 1048, 2, 10.71%, 125, 17, 28, 1556.14
1614310686, 63, 1655, 3222, 1048, 2, 10.71%, 125, 17, 28, 171.90
1614310691, 63, 1913, 3222, 1047, 2, 10.71%, 125, 17, 28, 151.90
1614310702, 63, 1981, 3222, 1046, 2, 10.71%, 125, 17, 28, 1358.08
1614310707, 63, 2105, 3222, 1044, 2, 10.71%, 125, 17, 28, 115.20
1614310722, 63, 2113, 3222, 1043, 2, 10.71%, 125, 17, 28, 64.09
1614310774, 63, 2341, 3223, 1042, 2, 10.71%, 125, 17, 28, 1075.66
1614310779, 63, 3139, 3227, 1043, 3, 10.71%, 125, 17, 28, 1507.89
1614310784, 63, 3227, 3233, 1045, 2, 10.71%, 125, 17, 28, 2306.15
1614310789, 64, 27, 3235, 1044, 0, 10.71%, 125, 17, 28, 875.78
1614310794, 64, 142, 3235, 1044, 0, 10.71%, 125, 17, 28, 1467.53
1614310799, 64, 239, 3235, 1044, 0, 10.71%, 125, 17, 28, 1651.82
1614310805, 64, 401, 3235, 1044, 0, 10.71%, 125, 17, 28, 1560.16
1614310810, 64, 589, 3237, 1046, 0, 10.71%, 125, 17, 28, 1539.21
1614310815, 64, 638, 3237, 1046, 0, 10.71%, 125, 17, 28, 341.15
1614310820, 64, 762, 3237, 1046, 0, 10.71%, 125, 17, 28, 1922.04
1614310825, 64, 917, 3237, 1045, 0, 10.71%, 125, 17, 28, 2056.78
1614310830, 64, 1056, 3238, 1045, 0, 10.71%, 125, 17, 28, 1199.80
1614310836, 64, 1165, 3238, 1040, 0, 10.71%, 126, 17, 28, 1472.63
1614310841, 64, 1224, 3240, 1039, 0, 10.71%, 126, 17, 28, 1346.47
1614310846, 64, 1314, 3241, 1038, 0, 10.71%, 128, 17, 28, 1711.73
1614310851, 64, 1382, 3241, 1036, 0, 10.71%, 129, 18, 28, 2274.48
1614310856, 64, 1401, 3242, 1032, 0, 10.71%, 129, 18, 28, 1165.69
1614310861, 64, 1454, 3242, 1032, 0, 10.71%, 129, 18, 28, 2676.88
1614310866, 64, 1523, 3244, 1032, 1, 10.71%, 129, 18, 28, 80.65
1614310871, 64, 1753, 3244, 1029, 1, 10.71%, 129, 18, 28, 1357.10
1614310876, 64, 2469, 3244, 1027, 1, 10.71%, 129, 18, 28, 936.54
1614310882, 64, 2754, 3246, 1026, 1, 10.71%, 129, 18, 28, 1293.58
1614310887, 64, 2949, 3247, 1025, 1, 10.71%, 129, 18, 28, 269.02
1614310897, 64, 3099, 3248, 1024, 2, 10.72%, 129, 18, 28, 2325.56
1614310902, 64, 3248, 3250, 1023, 1, 10.72%, 129, 18, 28, 1519.73
1614310907, 65, 41, 3251, 1022, 0, 10.72%, 129, 18, 28, 1574.69
1614310912, 65, 169, 3251, 1022, 0, 10.72%, 129, 18, 28, 1479.47
1614310918, 65, 1578, 3252, 1023, 1, 10.72%, 129, 18, 28, 1604.65
1614310923, 65, 1899, 3252, 1022, 1, 10.72%, 129, 18, 28, 1228.89
1614310928, 65, 2397, 3252, 1020, 1, 10.72%, 129, 18, 28, 252.82
1614310938, 65, 3254, 3255, 1018, 0, 10.72%, 129, 18, 28, 1180.28
1614310948, 66, 2, 3256, 1018, 0, 10.72%, 129, 18, 28, 1838.17
1614310953, 66, 113, 3256, 1018, 0, 10.72%, 129, 18, 28, 1586.07
1614310959, 66, 181, 3256, 1018, 0, 10.72%, 129, 18, 28, 1156.46
1614310964, 66, 293, 3259, 1021, 0, 10.72%, 129, 18, 28, 49.57
1614310969, 66, 430, 3259, 1021, 0, 10.72%, 129, 18, 28, 1917.67
1614310974, 66, 541, 3259, 1021, 0, 10.72%, 129, 18, 28, 1382.76
1614310979, 66, 625, 3259, 1021, 0, 10.72%, 129, 18, 28, 1418.76
1614310984, 66, 745, 3259, 1021, 0, 10.72%, 129, 18, 28, 1606.45
1614310989, 66, 902, 3259, 1020, 0, 10.72%, 129, 18, 28, 1793.15
1614310994, 66, 1010, 3259, 1018, 0, 10.72%, 129, 18, 28, 1049.71
1614311000, 66, 1171, 3260, 1018, 0, 10.72%, 129, 18, 28, 1985.74
1614311005, 66, 1257, 3260, 1018, 0, 10.72%, 129, 18, 28, 1754.19
1614311010, 66, 1288, 3260, 1016, 0, 10.72%, 129, 19, 28, 65.43
1614311015, 66, 1664, 3261, 1015, 1, 10.72%, 129, 19, 28, 2213.09
1614311020, 66, 2409, 3261, 1013, 1, 10.72%, 129, 19, 28, 1342.00
1614311030, 66, 2776, 3261, 1011, 1, 10.72%, 129, 19, 28, 1087.11
1614311036, 67, 3, 3264, 1009, 0, 10.72%, 129, 19, 28, 299.44
1614311042, 67, 79, 3264, 1009, 0, 10.72%, 129, 19, 28, 142.75
1614311047, 67, 184, 3264, 1009, 0, 10.72%, 129, 19, 28, 725.25
1614311052, 67, 360, 3264, 1009, 0, 10.72%, 129, 19, 28, 1308.88
1614311057, 67, 514, 3264, 1009, 0, 10.72%, 129, 19, 28, 1333.61
1614311062, 67, 597, 3264, 1009, 0, 10.72%, 129, 19, 28, 1071.18
1614311067, 67, 663, 3265, 1010, 0, 10.72%, 129, 19, 28, 1391.63
1614311073, 67, 836, 3265, 1010, 0, 10.72%, 129, 19, 28, 1711.50
1614311078, 67, 941, 3265, 1009, 0, 10.72%, 130, 19, 28, 2193.04
1614311083, 67, 1866, 3267, 1009, 1, 10.73%, 130, 19, 28, 1849.97
1614311088, 67, 1912, 3267, 1009, 1, 10.73%, 130, 19, 28, 295.84
1614311093, 67, 2323, 3268, 1007, 2, 10.74%, 130, 19, 28, 997.18
1614311098, 67, 3170, 3269, 1005, 2, 10.74%, 130, 19, 28, 89.55
1614311103, 67, 3170, 3270, 1006, 2, 10.74%, 130, 19, 29, 22.27
1614311108, 68, 79, 3272, 1005, 0, 10.74%, 130, 19, 29, 1490.02
1614311114, 68, 195, 3272, 1005, 0, 10.74%, 130, 19, 29, 1413.33
1614311119, 68, 430, 3272, 1005, 0, 10.74%, 130, 19, 29, 1762.91
1614311124, 68, 555, 3272, 1005, 0, 10.74%, 130, 19, 29, 59.76
1614311129, 68, 962, 3273, 1006, 1, 10.74%, 130, 19, 29, 1106.89
1614311134, 68, 1590, 3275, 1005, 1, 10.74%, 130, 19, 29, 1299.69
1614311139, 68, 1590, 3277, 1007, 1, 10.74%, 130, 19, 29, 212.46
1614311144, 68, 1904, 3277, 1004, 1, 10.74%, 130, 19, 29, 1600.98
1614311149, 68, 2109, 3279, 1003, 1, 10.74%, 130, 19, 29, 1592.83
1614311155, 68, 2383, 3279, 1002, 2, 10.74%, 130, 19, 29, 204.86
1614311165, 68, 2408, 3279, 1001, 2, 10.74%, 130, 19, 29, 164.86
1614311180, 68, 2902, 3279, 999, 2, 10.74%, 130, 19, 29, 2801.36
1614311185, 68, 3110, 3280, 997, 2, 10.74%, 130, 19, 29, 1624.23
1614311190, 68, 3279, 3280, 993, 0, 10.74%, 130, 19, 29, 1201.76
1614311196, 69, 103, 3280, 992, 0, 10.74%, 130, 19, 29, 1282.00
1614311201, 69, 223, 3281, 993, 0, 10.74%, 130, 19, 29, 1215.29
1614311206, 69, 386, 3282, 994, 0, 10.74%, 130, 19, 29, 1144.88
1614311211, 69, 543, 3283, 995, 0, 10.74%, 130, 19, 29, 91.88
1614311216, 69, 638, 3283, 995, 0, 10.74%, 130, 19, 29, 1642.57
1614311221, 69, 705, 3283, 995, 0, 10.74%, 130, 19, 29, 1096.01
1614311226, 69, 857, 3283, 995, 0, 10.74%, 130, 19, 29, 2015.77
1614311231, 69, 941, 3284, 996, 0, 10.74%, 130, 19, 29, 1643.29
1614311236, 69, 1134, 3284, 995, 0, 10.74%, 130, 19, 29, 1560.42
1614311242, 69, 1317, 3285, 995, 1, 10.74%, 130, 19, 29, 1668.92
1614311247, 69, 1962, 3285, 992, 1, 10.74%, 130, 19, 29, 1534.31
1614311252, 69, 2037, 3285, 990, 1, 10.74%, 130, 19, 29, 262.46
1614311257, 69, 2329, 3285, 989, 1, 10.74%, 130, 19, 29, 335.38
1614311262, 69, 2605, 3285, 988, 1, 10.74%, 130, 19, 29, 1095.44
1614311267, 69, 3074, 3286, 987, 2, 10.74%, 130, 19, 29, 1067.87
1614311272, 70, 35, 3286, 984, 0, 10.74%, 130, 19, 29, 1264.07
1614311277, 70, 156, 3287, 985, 0, 10.74%, 130, 19, 29, 1080.83
1614311282, 70, 261, 3287, 985, 0, 10.74%, 130, 19, 29, 1179.80
1614311288, 70, 478, 3287, 985, 0, 10.74%, 130, 19, 29, 1413.85
1614311293, 70, 601, 3287, 985, 0, 10.74%, 130, 19, 29, 1298.55
1614311298, 70, 661, 3287, 985, 0, 10.74%, 130, 19, 29, 1632.29
1614311303, 70, 802, 3287, 985, 0, 10.74%, 130, 19, 29, 1549.60
1614311308, 70, 856, 3287, 985, 0, 10.74%, 130, 19, 29, 2172.27
1614311313, 70, 930, 3287, 985, 0, 10.74%, 130, 19, 29, 4.97
1614311318, 70, 1090, 3288, 986, 0, 10.74%, 130, 19, 29, 1461.41
1614311323, 70, 1236, 3288, 986, 0, 10.74%, 130, 19, 29, 1568.04
1614311329, 70, 1267, 3289, 987, 0, 10.74%, 130, 19, 29, 609.21
1614311334, 70, 1337, 3290, 984, 0, 10.74%, 131, 19, 29, 1476.31
1614311339, 70, 1422, 3291, 983, 0, 10.74%, 131, 19, 29, 1794.15
1614311344, 70, 1465, 3292, 983, 0, 10.74%, 131, 19, 29, 58.82
1614311349, 70, 1813, 3292, 981, 1, 10.74%, 131, 19, 29, 977.91
1614311354, 70, 2001, 3292, 979, 1, 10.74%, 131, 19, 29, 660.99
1614311364, 70, 2023, 3292, 978, 1, 10.74%, 131, 19, 29, 355.81
1614311369, 70, 2238, 3293, 978, 1, 10.74%, 131, 19, 29, 605.43
1614311380, 70, 2374, 3293, 977, 1, 10.74%, 131, 19, 29, 1949.61
1614311385, 70, 2382, 3293, 976, 1, 10.74%, 131, 19, 29, 34.19
1614311436, 70, 2667, 3293, 974, 1, 10.74%, 131, 19, 29, 1112.26
1614311441, 70, 3279, 3296, 976, 1, 10.74%, 131, 19, 29, 62.99
1614311446, 71, 64, 3296, 975, 0, 10.74%, 131, 19, 29, 1822.74
1614311452, 71, 181, 3296, 975, 0, 10.74%, 131, 19, 29, 1718.51
1614311457, 71, 319, 3296, 975, 0, 10.74%, 131, 19, 29, 869.60
1614311462, 71, 455, 3296, 975, 0, 10.74%, 131, 19, 29, 1148.96
1614311467, 71, 596, 3297, 976, 0, 10.74%, 131, 19, 29, 1368.99
1614311472, 71, 690, 3298, 977, 0, 10.74%, 132, 19, 29, 1289.88
1614311477, 71, 842, 3298, 977, 0, 10.74%, 132, 19, 29, 1118.18
1614311482, 71, 922, 3298, 977, 0, 10.74%, 132, 19, 29, 1460.08
1614311487, 71, 1090, 3298, 974, 0, 10.74%, 132, 19, 29, 1556.29
1614311492, 71, 1207, 3298, 972, 0, 10.74%, 133, 19, 29, 192.26
1614311497, 71, 1323, 3299, 973, 1, 10.74%, 133, 19, 29, 2087.78
1614311502, 71, 1802, 3299, 972, 1, 10.74%, 133, 19, 29, 1400.98
1614311508, 71, 2093, 3299, 971, 1, 10.74%, 133, 19, 29, 172.93
1614311518, 71, 2201, 3299, 969, 1, 10.74%, 134, 19, 29, 2179.32
1614311523, 71, 2546, 3302, 970, 2, 10.75%, 134, 19, 29, 2383.72
1614311528, 71, 3103, 3302, 966, 2, 10.75%, 134, 19, 29, 1438.12
1614311533, 72, 27, 3303, 962, 0, 10.75%, 134, 19, 29, 2296.89
1614311538, 72, 140, 3303, 962, 0, 10.75%, 134, 19, 29, 2018.48
1614311543, 72, 251, 3303, 962, 0, 10.75%, 134, 19, 29, 1359.16
1614311548, 72, 452, 3303, 962, 0, 10.75%, 134, 19, 29, 1181.23
1614311554, 72, 605, 3304, 963, 0, 10.75%, 134, 19, 29, 156.10
1614311559, 72, 681, 3304, 963, 0, 10.75%, 134, 19, 29, 668.90
1614311564, 72, 828, 3304, 963, 0, 10.75%, 134, 19, 29, 1120.00
1614311569, 72, 941, 3304, 963, 0, 10.75%, 134, 19, 29, 1493.17
1614311574, 72, 1144, 3304, 961, 0, 10.75%, 134, 19, 29, 1861.94
1614311579, 72, 1219, 3305, 962, 0, 10.75%, 134, 19, 29, 58.46
1614311585, 72, 1777, 3305, 960, 1, 10.75%, 134, 19, 29, 1118.02
1614311590, 72, 1897, 3305, 958, 1, 10.75%, 134, 19, 29, 883.64
1614311595, 72, 2294, 3305, 957, 1, 10.75%, 134, 19, 29, 30.87
1614311630, 72, 2566, 3305, 954, 1, 10.75%, 134, 19, 29, 1330.24
1614311636, 72, 2819, 3306, 953, 1, 10.75%, 134, 19, 29, 750.42
1614311641, 72, 2858, 3306, 952, 1, 10.75%, 134, 19, 29, 739.39
1614311646, 72, 3201, 3306, 949, 1, 10.75%, 134, 19, 29, 104.07
1614311651, 73, 123, 3306, 948, 0, 10.75%, 134, 19, 29, 121.67
1614311656, 73, 241, 3306, 948, 0, 10.75%, 134, 19, 29, 1765.89
1614311661, 73, 409, 3306, 948, 0, 10.75%, 134, 19, 29, 1514.08
1614311666, 73, 571, 3306, 948, 0, 10.75%, 134, 19, 29, 957.66
1614311671, 73, 658, 3306, 948, 0, 10.75%, 134, 19, 29, 1048.85
1614311676, 73, 1367, 3308, 950, 1, 10.75%, 134, 19, 29, 1736.88
1614311681, 73, 2157, 3312, 953, 4, 10.76%, 134, 19, 29, 1570.21
1614311686, 73, 2524, 3312, 953, 4, 10.76%, 134, 19, 29, 2413.87
1614311692, 73, 3254, 3312, 952, 4, 10.76%, 134, 19, 29, 329.55
1614311697, 74, 14, 3312, 947, 0, 10.76%, 134, 19, 29, 2172.14
1614311702, 74, 123, 3312, 947, 0, 10.76%, 134, 19, 29, 1859.30
1614311707, 74, 195, 3312, 947, 0, 10.76%, 134, 19, 29, 1246.24
1614311713, 74, 365, 3313, 948, 0, 10.76%, 134, 19, 29, 1517.95
1614311718, 74, 571, 3314, 949, 0, 10.76%, 135, 19, 29, 1509.91
1614311723, 74, 661, 3314, 949, 0, 10.76%, 135, 19, 29, 1853.94
1614311728, 74, 846, 3314, 949, 0, 10.76%, 135, 19, 29, 2190.93
1614311733, 74, 960, 3314, 949, 0, 10.76%, 135, 19, 29, 369.94
1614311738, 74, 1113, 3314, 947, 0, 10.76%, 135, 19, 29, 909.58
1614311744, 74, 1713, 3316, 949, 1, 10.76%, 135, 19, 29, 1206.66
1614311749, 74, 1893, 3316, 947, 1, 10.76%, 135, 19, 29, 1124.13
1614311754, 74, 1944, 3316, 946, 1, 10.76%, 135, 19, 29, 442.00
1614311764, 74, 2351, 3316, 944, 1, 10.76%, 135, 19, 29, 1497.01
1614311769, 74, 2432, 3316, 942, 1, 10.76%, 135, 19, 29, 683.59
1614311774, 74, 2804, 3316, 941, 1, 10.76%, 135, 19, 29, 13.86
1614311780, 74, 3314, 3316, 940, 1, 10.76%, 135, 19, 29, 1675.63
1614311785, 75, 98, 3316, 939, 0, 10.76%, 135, 19, 29, 1784.77
1614311790, 75, 776, 3317, 940, 1, 10.76%, 135, 19, 29, 1378.76
1614311795, 75, 1964, 3320, 941, 1, 10.76%, 135, 19, 29, 130.98
1614311800, 75, 2386, 3320, 940, 1, 10.76%, 135, 19, 29, 1056.41
1614311805, 75, 2878, 3320, 937, 1, 10.76%, 135, 19, 29, 1549.42
1614311810, 75, 3257, 3320, 936, 1, 10.76%, 135, 19, 29, 45.67
1614311846, 75, 3316, 3320, 935, 1, 10.76%, 135, 19, 29, 554.46
1614311851, 76, 44, 3320, 934, 0, 10.76%, 135, 19, 29, 1373.19
1614311856, 76, 169, 3320, 934, 0, 10.76%, 135, 19, 29, 1380.92
1614311862, 76, 290, 3322, 936, 0, 10.76%, 135, 19, 29, 1169.19
1614311867, 76, 435, 3322, 936, 0, 10.76%, 135, 19, 29, 1079.12
1614311872, 76, 596, 3323, 937, 0, 10.76%, 135, 19, 29, 1644.83
1614311877, 76, 676, 3323, 937, 0, 10.76%, 135, 19, 29, 663.78
1614311882, 76, 846, 3324, 938, 0, 10.76%, 136, 19, 29, 2575.00
1614311887, 76, 973, 3324, 938, 0, 10.76%, 136, 19, 29, 1744.57
1614311892, 76, 1134, 3325, 938, 0, 10.76%, 136, 19, 29, 1373.61
1614311897, 76, 1302, 3326, 939, 0, 10.76%, 136, 19, 29, 1881.76
1614311903, 76, 1324, 3326, 936, 0, 10.76%, 136, 19, 29, 1954.84
1614311908, 76, 1383, 3328, 936, 0, 10.76%, 136, 19, 29, 372.55
1614311913, 76, 1440, 3328, 933, 0, 10.76%, 136, 19, 29, 1134.27
1614311918, 76, 1881, 3331, 935, 1, 10.76%, 136, 19, 29, 1182.42
1614311923, 76, 2296, 3331, 934, 1, 10.76%, 136, 19, 29, 1150.64
1614311928, 76, 2699, 3333, 934, 2, 10.76%, 136, 19, 29, 1647.62
1614311933, 76, 3264, 3334, 934, 2, 10.77%, 136, 19, 29, 2021.86
1614311938, 76, 3333, 3341, 937, 2, 10.77%, 136, 19, 29, 1335.97
1614311943, 77, 35, 3341, 934, 0, 10.77%, 136, 19, 29, 1462.05
1614311948, 77, 156, 3341, 934, 0, 10.77%, 136, 19, 29, 2273.19
1614311954, 77, 211, 3341, 934, 0, 10.77%, 136, 19, 29, 740.91
1614311959, 77, 357, 3341, 934, 0, 10.77%, 136, 19, 29, 1028.77
1614311964, 77, 365, 3342, 935, 0, 10.77%, 136, 19, 29, 6.47
1614311969, 77, 542, 3342, 935, 0, 10.77%, 136, 19, 29, 1053.63
1614311974, 77, 615, 3342, 935, 0, 10.77%, 136, 19, 29, 1296.18
1614311979, 77, 694, 3343, 936, 0, 10.77%, 136, 19, 29, 1403.08
1614311984, 77, 806, 3345, 938, 0, 10.77%, 136, 19, 29, 1409.69
1614311989, 77, 1649, 3347, 939, 1, 10.77%, 136, 19, 29, 971.89
1614311994, 77, 1993, 3347, 937, 1, 10.77%, 136, 19, 29, 1005.00
1614311999, 77, 2138, 3347, 937, 1, 10.77%, 136, 19, 29, 516.15
1614312005, 77, 2169, 3347, 936, 1, 10.77%, 136, 19, 29, 2448.02
1614312010, 77, 3104, 3347, 935, 1, 10.77%, 136, 19, 29, 1682.92
1614312015, 78, 104, 3347, 934, 0, 10.77%, 136, 19, 29, 463.06
1614312020, 78, 192, 3347, 934, 0, 10.77%, 136, 19, 29, 1068.40
1614312025, 78, 357, 3347, 934, 0, 10.77%, 136, 19, 29, 221.13
1614312030, 78, 461, 3347, 934, 0, 10.77%, 136, 19, 29, 925.29
1614312035, 78, 586, 3347, 934, 0, 10.77%, 136, 19, 29, 614.29
1614312040, 78, 681, 3348, 935, 0, 10.77%, 136, 19, 29, 1028.01
1614312045, 78, 879, 3348, 935, 0, 10.77%, 136, 19, 29, 1460.38
1614312050, 78, 1758, 3350, 936, 2, 10.80%, 136, 19, 29, 1551.75
1614312056, 78, 2275, 3350, 934, 2, 10.80%, 136, 19, 29, 1479.15
1614312061, 78, 2961, 3352, 934, 2, 10.80%, 137, 19, 29, 1405.15
1614312066, 78, 3349, 3356, 936, 2, 10.81%, 138, 19, 29, 1525.34
1614312071, 79, 79, 3356, 934, 0, 10.81%, 139, 19, 29, 1183.15
1614312076, 79, 192, 3356, 934, 0, 10.81%, 139, 19, 29, 1533.97
1614312081, 79, 367, 3356, 934, 0, 10.81%, 139, 19, 29, 1236.16
1614312086, 79, 531, 3356, 934, 0, 10.81%, 139, 19, 29, 1346.63
1614312091, 79, 647, 3356, 934, 0, 10.81%, 139, 19, 29, 1737.47
1614312097, 79, 682, 3356, 934, 0, 10.81%, 139, 19, 29, 245.31
1614312102, 79, 768, 3356, 934, 0, 10.81%, 139, 19, 29, 971.92
1614312107, 79, 877, 3356, 934, 0, 10.81%, 139, 19, 29, 1179.40
1614312112, 79, 993, 3356, 934, 0, 10.81%, 139, 19, 29, 1250.93
1614312117, 79, 1145, 3356, 934, 0, 10.81%, 139, 19, 29, 1302.58
1614312123, 79, 1235, 3356, 932, 0, 10.81%, 139, 19, 29, 2421.56
1614312128, 79, 1294, 3356, 929, 0, 10.81%, 139, 19, 29, 412.27
1614312133, 79, 1321, 3356, 928, 0, 10.81%, 139, 19, 29, 2205.53
1614312142, 79, 1378, 3356, 928, 0, 10.81%, 139, 19, 29, 6.63
1614312147, 79, 1699, 3357, 927, 1, 10.81%, 139, 19, 29, 1039.75
1614312152, 79, 2248, 3358, 925, 1, 10.81%, 139, 19, 29, 358.54
1614312157, 79, 2820, 3358, 922, 1, 10.81%, 139, 19, 29, 19.96
1614312273, 79, 3105, 3361, 924, 3, 10.82%, 139, 19, 29, 726.05
1614312278, 79, 3210, 3363, 926, 5, 10.83%, 139, 19, 29, 76.35
1614312303, 79, 3358, 3365, 926, 5, 10.83%, 139, 19, 29, 2181.56
1614312309, 80, 27, 3366, 921, 0, 10.83%, 139, 19, 29, 34.31
1614312315, 80, 156, 3366, 921, 0, 10.83%, 139, 19, 29, 1453.42
1614312321, 80, 224, 3366, 921, 0, 10.83%, 139, 19, 29, 7.06
1614312326, 80, 319, 3366, 921, 0, 10.83%, 139, 19, 29, 583.94
1614312332, 80, 479, 3366, 921, 0, 10.83%, 139, 19, 29, 1141.09
1614312337, 80, 638, 3366, 921, 0, 10.83%, 139, 19, 29, 1431.06
1614312342, 80, 764, 3368, 923, 0, 10.83%, 139, 19, 29, 1311.09
1614312347, 80, 922, 3369, 924, 0, 10.83%, 139, 19, 29, 1628.25
1614312352, 80, 1101, 3369, 924, 0, 10.83%, 139, 19, 29, 1763.22
1614312357, 80, 1182, 3369, 924, 0, 10.83%, 139, 19, 29, 2410.24
1614312363, 80, 1230, 3370, 925, 0, 10.83%, 139, 19, 29, 1215.98
1614312368, 80, 1305, 3372, 926, 0, 10.83%, 139, 19, 29, 2416.75
1614312374, 80, 1559, 3376, 928, 1, 10.84%, 139, 19, 29, 110.87
1614312379, 80, 1804, 3376, 927, 1, 10.84%, 139, 19, 29, 963.61
1614312384, 80, 2202, 3376, 924, 1, 10.84%, 139, 19, 29, 138.41
1614312389, 80, 2336, 3376, 923, 1, 10.84%, 139, 19, 29, 1260.38
1614312394, 80, 2942, 3376, 919, 1, 10.84%, 139, 19, 29, 1211.16
1614312399, 80, 3011, 3376, 917, 1, 10.84%, 139, 19, 29, 948.18
1614312404, 80, 3376, 3381, 918, 2, 10.84%, 139, 19, 29, 1116.44
1614312410, 81, 19, 3381, 916, 0, 10.84%, 139, 19, 29, 1127.59
1614312415, 81, 98, 3382, 917, 0, 10.84%, 139, 19, 29, 1090.06
1614312420, 81, 192, 3382, 917, 0, 10.84%, 139, 19, 29, 1676.00
1614312425, 81, 380, 3383, 918, 0, 10.84%, 139, 19, 29, 1116.29
1614312430, 81, 481, 3383, 918, 0, 10.84%, 139, 19, 29, 1094.56
1614312435, 81, 605, 3383, 918, 0, 10.84%, 139, 19, 29, 1361.34
1614312440, 81, 730, 3384, 919, 0, 10.84%, 139, 19, 29, 1432.65
1614312445, 81, 828, 3384, 919, 0, 10.84%, 139, 19, 29, 265.45
1614312451, 81, 941, 3384, 919, 0, 10.84%, 139, 19, 29, 1103.61
1614312458, 81, 1125, 3384, 919, 0, 10.84%, 139, 19, 29, 23.26
1614312463, 81, 1239, 3384, 919, 0, 10.84%, 139, 19, 29, 1597.55
1614312468, 81, 1343, 3384, 919, 0, 10.84%, 139, 19, 29, 1760.12
1614312473, 81, 1717, 3386, 921, 1, 10.84%, 139, 19, 29, 1766.49
1614312478, 81, 1874, 3386, 920, 1, 10.84%, 139, 19, 29, 1928.94
1614312483, 81, 1959, 3386, 918, 1, 10.84%, 139, 19, 29, 1257.72
1614312488, 81, 2449, 3386, 916, 1, 10.84%, 139, 19, 29, 190.07
1614312493, 81, 2449, 3387, 917, 1, 10.84%, 139, 19, 29, 191.39
1614312498, 81, 2693, 3387, 916, 1, 10.84%, 139, 19, 29, 246.70
1614312504, 81, 3076, 3387, 911, 1, 10.84%, 139, 19, 29, 1970.71
1614312509, 82, 35, 3390, 912, 0, 10.84%, 139, 19, 29, 41.43
1614312514, 82, 144, 3390, 912, 0, 10.84%, 139, 19, 29, 181.30
1614312519, 82, 282, 3390, 912, 0, 10.84%, 139, 19, 29, 1642.16
1614312524, 82, 474, 3390, 912, 0, 10.84%, 139, 19, 29, 1653.10
1614312530, 82, 604, 3390, 912, 0, 10.84%, 139, 19, 29, 1283.89
1614312535, 82, 663, 3390, 912, 0, 10.84%, 139, 19, 29, 7.18
1614312541, 82, 768, 3390, 912, 0, 10.84%, 139, 19, 29, 1341.02
1614312546, 82, 851, 3390, 912, 0, 10.84%, 139, 19, 29, 49.95
1614312551, 82, 978, 3390, 912, 0, 10.84%, 139, 19, 29, 1418.11
1614312557, 82, 1150, 3390, 911, 0, 10.84%, 139, 19, 29, 363.64
1614312562, 82, 1251, 3391, 910, 0, 10.84%, 139, 19, 29, 2085.30
1614312567, 82, 1381, 3391, 910, 0, 10.84%, 139, 19, 29, 193.59
1614312572, 82, 1696, 3392, 910, 1, 10.85%, 139, 19, 29, 1316.53
1614312577, 82, 1879, 3392, 908, 1, 10.85%, 139, 19, 29, 209.92
1614312583, 82, 2160, 3392, 906, 1, 10.85%, 139, 19, 29, 1256.51
1614312618, 82, 2172, 3392, 905, 1, 10.85%, 139, 19, 29, 673.66
1614312623, 82, 2327, 3392, 905, 1, 10.85%, 139, 19, 29, 350.95
1614312633, 82, 2332, 3392, 904, 1, 10.85%, 139, 19, 29, 225.79
1614312644, 82, 2332, 3393, 904, 1, 10.85%, 139, 19, 29, 78.00
1614312649, 82, 2943, 3393, 903, 1, 10.85%, 139, 19, 29, 551.82
1614312654, 82, 3391, 3393, 901, 1, 10.85%, 139, 19, 29, 1119.12
1614312659, 83, 64, 3393, 900, 0, 10.85%, 139, 19, 29, 1193.06
1614312664, 83, 173, 3393, 900, 0, 10.85%, 139, 19, 29, 1325.25
1614312669, 83, 284, 3393, 900, 0, 10.85%, 139, 19, 29, 976.19
1614312674, 83, 448, 3393, 900, 0, 10.85%, 139, 19, 29, 1308.81
1614312679, 83, 557, 3394, 901, 0, 10.85%, 139, 19, 29, 1267.57
1614312684, 83, 658, 3394, 901, 0, 10.85%, 139, 19, 29, 1258.62
1614312689, 83, 730, 3394, 901, 0, 10.85%, 139, 19, 29, 2367.19
1614312695, 83, 900, 3394, 901, 0, 10.85%, 139, 19, 29, 660.29
1614312700, 83, 1073, 3394, 901, 0, 10.85%, 139, 19, 29, 1415.54
1614312705, 83, 1182, 3395, 901, 0, 10.85%, 139, 19, 29, 998.60
1614312710, 83, 1306, 3396, 902, 0, 10.85%, 139, 19, 29, 1675.29
1614312715, 83, 1430, 3396, 902, 0, 10.85%, 139, 19, 29, 1808.03
1614312720, 83, 1493, 3396, 899, 0, 10.85%, 139, 19, 29, 2570.41
1614312725, 83, 1525, 3396, 897, 0, 10.85%, 139, 19, 29, 1936.79
1614312731, 83, 1575, 3397, 894, 0, 10.85%, 139, 19, 29, 2058.35
1614312736, 83, 1616, 3398, 892, 0, 10.85%, 139, 19, 29, 830.99
1614312741, 83, 1652, 3398, 888, 0, 10.85%, 140, 19, 29, 1682.88
1614312746, 83, 1676, 3398, 887, 0, 10.85%, 140, 19, 29, 1402.95
1614312751, 83, 1689, 3399, 885, 0, 10.85%, 140, 19, 29, 1232.87
1614312756, 83, 1714, 3399, 882, 0, 10.85%, 140, 19, 29, 1077.69
1614312761, 83, 1723, 3399, 880, 0, 10.85%, 140, 19, 29, 1150.40
1614312766, 83, 1728, 3399, 878, 0, 10.85%, 140, 19, 29, 936.15
1614312771, 83, 1737, 3399, 876, 0, 10.85%, 140, 19, 29, 936.81
1614312776, 83, 1745, 3399, 875, 0, 10.85%, 140, 19, 29, 783.58
1614312782, 83, 1755, 3399, 873, 0, 10.85%, 140, 19, 29, 980.00
1614312787, 83, 1766, 3399, 871, 0, 10.85%, 140, 19, 29, 1079.92
1614312792, 83, 1795, 3399, 869, 0, 10.85%, 140, 19, 29, 1208.00
1614312797, 83, 1815, 3402, 870, 0, 10.85%, 140, 19, 29, 914.61
1614312802, 83, 1837, 3402, 868, 0, 10.85%, 140, 19, 29, 1065.28
1614312807, 83, 1861, 3402, 864, 0, 10.85%, 140, 19, 29, 1267.48
1614312812, 83, 1882, 3402, 861, 0, 10.85%, 140, 19, 29, 1136.03
1614312817, 83, 1890, 3402, 860, 0, 10.85%, 140, 19, 29, 807.62
1614312822, 83, 1938, 3403, 858, 0, 10.85%, 140, 19, 29, 1242.91
1614312828, 83, 1943, 3403, 858, 0, 10.85%, 140, 19, 29, 473.26
1614312833, 83, 1956, 3404, 858, 0, 10.85%, 140, 19, 29, 725.89
1614312838, 83, 1963, 3404, 857, 0, 10.85%, 140, 19, 29, 36.98
1614312883, 83, 1967, 3404, 855, 0, 10.85%, 140, 19, 29, 504.00
1614312889, 83, 1970, 3404, 855, 0, 10.85%, 140, 19, 29, 37.01
1614312935, 83, 1995, 3404, 852, 0, 10.85%, 140, 19, 29, 1811.47
1614312940, 83, 2029, 3404, 850, 0, 10.85%, 140, 19, 29, 673.30
1614312945, 83, 2073, 3404, 846, 0, 10.85%, 140, 19, 29, 175.44
1614312950, 83, 2092, 3404, 846, 0, 10.85%, 140, 19, 29, 1244.73
1614312955, 83, 2094, 3404, 845, 0, 10.85%, 140, 19, 29, 132.84
1614312965, 83, 2104, 3404, 844, 0, 10.85%, 140, 19, 29, 142.65
1614312976, 83, 2226, 3406, 843, 2, 10.86%, 140, 19, 29, 1844.00
1614312981, 83, 2745, 3406, 840, 2, 10.86%, 140, 19, 29, 1381.21
1614312986, 83, 2882, 3406, 838, 2, 10.86%, 140, 19, 29, 2606.58
1614312991, 84, 41, 3407, 837, 0, 10.86%, 141, 19, 29, 2134.00
