# unix_time, cycles_done, cur_path, paths_total, pending_total, pending_favs, map_size, unique_crashes, unique_hangs, max_depth, execs_per_sec
1614329907, 0, 0, 2, 2, 2, 4.84%, 0, 0, 1, 35.32
1614329912, 0, 0, 84, 84, 2, 5.45%, 0, 0, 2, 18.69
1614329917, 0, 0, 131, 131, 2, 5.70%, 0, 0, 2, 18.58
1614329922, 0, 0, 177, 177, 2, 5.80%, 1, 0, 2, 659.27
1614329927, 0, 0, 192, 192, 2, 5.87%, 2, 0, 2, 72.85
1614329932, 0, 0, 206, 206, 2, 5.97%, 2, 0, 2, 18.67
1614329937, 0, 0, 225, 224, 1, 6.05%, 2, 0, 2, 109.38
1614329942, 0, 0, 241, 240, 1, 6.21%, 2, 0, 2, 25.58
1614329948, 0, 4, 260, 259, 108, 6.27%, 2, 0, 3, 288.64
1614329953, 0, 10, 281, 279, 113, 6.29%, 2, 0, 3, 154.87
1614329958, 0, 21, 300, 297, 119, 6.33%, 3, 0, 3, 1228.18
1614329963, 0, 28, 314, 309, 116, 6.34%, 3, 0, 3, 18.35
1614329968, 0, 28, 328, 323, 116, 6.34%, 3, 0, 3, 232.76
1614329973, 0, 28, 344, 339, 116, 6.35%, 4, 0, 3, 18.52
1614329979, 0, 28, 367, 361, 115, 6.40%, 4, 0, 3, 18.78
1614329984, 0, 28, 388, 382, 115, 6.70%, 4, 0, 3, 18.71
1614329989, 0, 28, 409, 403, 115, 6.78%, 4, 0, 3, 21.36
1614329994, 0, 29, 420, 414, 147, 6.79%, 4, 0, 3, 18.67
1614329999, 0, 39, 444, 435, 145, 6.82%, 5, 0, 3, 18.63
1614330004, 0, 43, 463, 452, 147, 6.90%, 5, 0, 3, 18.75
1614330009, 0, 43, 473, 462, 147, 6.90%, 5, 0, 3, 18.67
1614330015, 0, 45, 492, 481, 148, 6.90%, 6, 0, 3, 443.01
1614330020, 0, 59, 510, 495, 149, 6.91%, 6, 0, 3, 200.00
1614330025, 0, 98, 525, 502, 145, 6.91%, 6, 0, 3, 18.69
1614330030, 0, 107, 540, 513, 144, 6.92%, 6, 0, 3, 749.43
1614330035, 0, 129, 551, 514, 134, 6.93%, 6, 0, 3, 1552.31
1614330040, 0, 173, 579, 526, 118, 6.99%, 7, 0, 3, 2102.31
1614330045, 0, 228, 607, 541, 116, 7.06%, 9, 0, 3, 18.78
1614330050, 0, 241, 625, 555, 115, 7.07%, 9, 0, 3, 2815.66
1614330055, 0, 278, 643, 563, 111, 7.08%, 10, 0, 4, 231.78
1614330061, 0, 326, 671, 581, 106, 7.10%, 11, 0, 4, 2253.52
1614330066, 0, 337, 709, 616, 110, 7.14%, 12, 0, 4, 2566.87
1614330071, 0, 364, 734, 634, 112, 7.18%, 13, 0, 4, 66.42
1614330076, 0, 368, 743, 641, 111, 7.18%, 13, 0, 4, 32.92
1614330081, 0, 376, 756, 652, 109, 7.18%, 14, 0, 4, 39.18
1614330087, 0, 395, 780, 669, 114, 7.31%, 15, 0, 4, 901.28
1614330092, 0, 419, 800, 684, 116, 7.32%, 15, 0, 4, 209.24
1614330097, 0, 448, 816, 692, 114, 7.34%, 16, 0, 4, 1520.20
1614330102, 0, 492, 843, 712, 106, 7.34%, 16, 1, 4, 1343.28
1614330107, 0, 542, 850, 709, 98, 7.35%, 16, 1, 4, 320.73
1614330112, 0, 584, 871, 720, 98, 7.38%, 17, 1, 4, 1332.00
1614330118, 0, 607, 897, 736, 95, 7.40%, 17, 1, 4, 2049.94
1614330124, 0, 628, 907, 736, 87, 7.41%, 17, 2, 4, 180.41
1614330129, 0, 665, 924, 744, 85, 7.41%, 18, 2, 5, 2454.89
1614330134, 0, 722, 947, 754, 76, 7.42%, 18, 2, 5, 1919.81
1614330139, 0, 772, 975, 771, 75, 7.52%, 20, 2, 5, 1819.91
1614330144, 0, 810, 1004, 788, 73, 7.55%, 21, 2, 5, 1959.21
1614330150, 0, 854, 1025, 801, 72, 7.56%, 21, 2, 5, 350.76
1614330155, 0, 864, 1039, 808, 69, 7.57%, 21, 2, 5, 1166.72
1614330160, 0, 892, 1079, 840, 64, 7.58%, 24, 2, 5, 1914.04
1614330165, 0, 916, 1101, 854, 66, 7.59%, 24, 2, 6, 307.55
1614330170, 0, 952, 1117, 859, 63, 7.60%, 24, 2, 6, 2201.93
1614330175, 0, 972, 1139, 871, 59, 7.60%, 24, 2, 6, 2028.28
1614330180, 0, 1010, 1162, 884, 53, 7.61%, 24, 2, 6, 2458.23
1614330185, 0, 1041, 1176, 889, 46, 7.61%, 25, 2, 6, 2276.85
1614330190, 0, 1087, 1209, 913, 43, 7.63%, 26, 2, 6, 2314.34
1614330195, 0, 1103, 1221, 917, 38, 7.63%, 27, 2, 7, 1156.58
1614330200, 0, 1118, 1232, 918, 29, 7.67%, 27, 2, 7, 1720.13
1614330206, 0, 1159, 1251, 928, 27, 7.67%, 28, 2, 7, 1996.46
1614330211, 0, 1186, 1270, 939, 25, 7.68%, 29, 2, 7, 2246.28
1614330216, 0, 1209, 1292, 955, 23, 7.68%, 29, 2, 7, 1133.63
1614330221, 0, 1225, 1313, 970, 21, 7.68%, 30, 2, 8, 1665.00
1614330226, 0, 1259, 1322, 970, 18, 7.69%, 33, 2, 8, 1767.31
1614330231, 0, 1278, 1327, 967, 16, 7.69%, 33, 2, 8, 193.95
1614330236, 0, 1312, 1335, 970, 11, 7.69%, 33, 2, 9, 472.08
1614330242, 0, 1326, 1347, 976, 9, 7.69%, 33, 2, 9, 2598.24
1614330247, 0, 1346, 1370, 993, 9, 7.70%, 34, 2, 10, 2480.32
1614330252, 0, 1368, 1386, 1003, 9, 7.72%, 34, 2, 11, 2152.38
1614330257, 0, 1383, 1401, 1012, 6, 7.72%, 34, 2, 12, 2885.38
1614330262, 1, 308, 1405, 1007, 2, 7.72%, 34, 2, 12, 12.08
1614330267, 1, 1216, 1413, 1005, 3, 7.72%, 34, 2, 12, 1637.37
1614330272, 1, 1412, 1424, 1010, 5, 7.72%, 34, 2, 12, 1773.31
1614330277, 1, 1421, 1432, 1015, 3, 7.72%, 34, 3, 12, 2431.04
1614330282, 1, 1435, 1436, 1013, 1, 7.75%, 34, 3, 12, 638.67
1614330287, 2, 62, 1440, 1004, 0, 7.75%, 34, 3, 12, 1549.16
1614330292, 2, 975, 1445, 1000, 2, 7.75%, 34, 3, 12, 1756.83
1614330298, 3, 17, 1451, 995, 0, 7.75%, 34, 3, 12, 2157.27
1614330303, 3, 1091, 1452, 983, 1, 7.75%, 34, 3, 12, 1680.10
1614330308, 4, 1152, 1454, 975, 1, 7.76%, 34, 3, 12, 1806.84
1614330313, 4, 1455, 1465, 984, 1, 7.76%, 34, 3, 12, 2810.32
1614330318, 4, 1467, 1469, 985, 1, 7.76%, 34, 3, 12, 1794.14
1614330324, 5, 804, 1474, 983, 1, 7.76%, 34, 3, 12, 2870.00
1614330329, 5, 1477, 1482, 986, 0, 7.76%, 34, 3, 12, 1747.19
1614330335, 5, 1483, 1487, 988, 1, 7.76%, 34, 4, 12, 416.72
1614330340, 5, 1491, 1498, 996, 2, 7.76%, 34, 4, 12, 20.48
1614330345, 5, 1502, 1504, 998, 0, 7.76%, 35, 4, 12, 2940.71
1614330350, 6, 534, 1506, 989, 1, 8.36%, 35, 4, 12, 1647.52
1614330355, 6, 1396, 1511, 984, 1, 8.36%, 35, 4, 13, 2199.68
1614330360, 6, 1514, 1519, 989, 6, 8.36%, 35, 4, 13, 2642.33
1614330365, 6, 1516, 1523, 991, 4, 8.36%, 35, 4, 13, 2825.10
1614330371, 6, 1521, 1548, 1013, 12, 9.26%, 36, 4, 13, 2815.60
1614330377, 6, 1524, 1561, 1024, 11, 9.33%, 37, 5, 13, 130.17
1614330382, 6, 1532, 1589, 1050, 20, 9.50%, 38, 5, 13, 298.67
1614330387, 6, 1534, 1615, 1074, 33, 9.72%, 38, 5, 13, 1884.41
1614330392, 6, 1548, 1634, 1091, 35, 9.75%, 38, 5, 13, 694.24
1614330397, 6, 1548, 1646, 1103, 35, 9.77%, 38, 5, 13, 885.71
1614330402, 6, 1571, 1656, 1110, 35, 9.78%, 39, 6, 13, 1867.31
1614330408, 6, 1583, 1680, 1131, 42, 9.84%, 41, 6, 13, 442.62
1614330413, 6, 1590, 1705, 1153, 44, 9.90%, 41, 6, 13, 2418.54
1614330418, 6, 1594, 1728, 1174, 47, 9.93%, 42, 6, 13, 2493.28
1614330423, 6, 1606, 1742, 1185, 49, 9.96%, 43, 6, 13, 2178.49
1614330428, 6, 1609, 1748, 1189, 48, 9.96%, 43, 6, 13, 447.57
1614330433, 6, 1619, 1766, 1205, 48, 9.96%, 43, 6, 13, 2730.00
1614330438, 6, 1636, 1776, 1211, 48, 9.97%, 43, 6, 14, 700.10
1614330444, 6, 1636, 1784, 1219, 48, 9.97%, 43, 6, 14, 462.11
1614330449, 6, 1655, 1801, 1234, 51, 9.98%, 44, 6, 14, 2785.53
1614330454, 6, 1662, 1817, 1247, 53, 9.98%, 45, 6, 14, 2111.83
1614330459, 6, 1675, 1831, 1258, 55, 9.98%, 48, 6, 14, 2280.20
1614330464, 6, 1685, 1851, 1275, 55, 9.98%, 48, 6, 14, 1527.11
1614330469, 6, 1694, 1865, 1286, 55, 10.00%, 50, 6, 14, 2160.66
1614330474, 6, 1703, 1879, 1297, 57, 10.01%, 50, 6, 14, 2265.45
1614330479, 6, 1715, 1900, 1315, 57, 10.02%, 50, 6, 14, 345.76
1614330485, 6, 1723, 1912, 1325, 56, 10.02%, 50, 6, 14, 1397.10
1614330490, 6, 1730, 1921, 1330, 55, 10.02%, 50, 6, 14, 1993.88
1614330495, 6, 1741, 1932, 1338, 54, 10.03%, 51, 6, 14, 150.20
1614330500, 6, 1762, 1939, 1342, 53, 10.03%, 51, 6, 14, 2289.82
1614330505, 6, 1784, 1949, 1348, 51, 10.03%, 51, 6, 14, 1849.22
1614330510, 6, 1790, 1979, 1376, 53, 10.03%, 51, 6, 14, 2295.94
1614330516, 6, 1803, 1992, 1385, 46, 10.03%, 51, 6, 14, 369.91
1614330521, 6, 1806, 2003, 1394, 45, 10.03%, 51, 6, 14, 2421.55
1614330526, 6, 1820, 2009, 1397, 45, 10.04%, 53, 6, 14, 10.42
1614330531, 6, 1832, 2025, 1409, 43, 10.04%, 53, 6, 14, 2912.29
1614330536, 6, 1842, 2031, 1412, 41, 10.04%, 53, 6, 14, 2793.45
1614330541, 6, 1857, 2054, 1431, 42, 10.07%, 53, 6, 14, 2735.69
1614330546, 6, 1881, 2072, 1446, 44, 10.08%, 54, 6, 14, 2457.32
1614330551, 6, 1898, 2087, 1458, 46, 10.09%, 54, 6, 14, 2221.78
1614330556, 6, 1910, 2095, 1464, 46, 10.09%, 54, 6, 14, 1421.42
1614330561, 6, 1920, 2109, 1475, 47, 10.12%, 54, 6, 14, 2036.49
1614330566, 6, 1944, 2117, 1478, 42, 10.12%, 54, 6, 14, 2466.27
1614330572, 6, 1988, 2122, 1479, 39, 10.12%, 54, 6, 14, 1959.54
1614330577, 6, 2000, 2132, 1486, 40, 10.12%, 54, 6, 14, 2733.91
1614330582, 6, 2007, 2144, 1495, 39, 10.12%, 54, 6, 14, 1909.88
1614330587, 6, 2020, 2149, 1498, 38, 10.13%, 55, 7, 14, 2721.31
1614330592, 6, 2030, 2162, 1507, 40, 10.13%, 55, 7, 14, 2659.64
1614330597, 6, 2037, 2172, 1515, 41, 10.14%, 55, 7, 14, 2723.62
1614330602, 6, 2049, 2199, 1539, 43, 10.14%, 55, 7, 14, 2275.15
1614330607, 6, 2059, 2207, 1543, 41, 10.15%, 55, 7, 14, 2325.63
1614330612, 6, 2075, 2217, 1549, 40, 10.15%, 55, 7, 14, 2022.00
1614330618, 6, 2084, 2218, 1548, 38, 10.15%, 55, 7, 14, 327.06
1614330623, 6, 2084, 2232, 1562, 38, 10.15%, 55, 7, 14, 556.01
1614330628, 6, 2104, 2237, 1564, 40, 10.17%, 55, 7, 14, 652.87
1614330633, 6, 2122, 2248, 1572, 38, 10.17%, 55, 7, 14, 2307.64
1614330638, 6, 2124, 2251, 1573, 36, 10.17%, 55, 7, 14, 558.48
1614330644, 6, 2138, 2260, 1578, 37, 10.17%, 55, 7, 14, 1731.35
1614330649, 6, 2150, 2271, 1587, 39, 10.18%, 55, 7, 14, 9.38
1614330654, 6, 2160, 2278, 1591, 38, 10.18%, 55, 7, 14, 2528.37
1614330659, 6, 2171, 2283, 1592, 39, 10.19%, 55, 7, 14, 201.47
1614330664, 6, 2171, 2289, 1598, 39, 10.19%, 55, 7, 14, 150.80
1614330669, 6, 2176, 2296, 1602, 38, 10.19%, 55, 7, 14, 1929.70
1614330675, 6, 2204, 2300, 1604, 37, 10.19%, 56, 7, 14, 1073.89
1614330680, 6, 2206, 2305, 1608, 38, 10.19%, 56, 7, 14, 885.83
1614330685, 6, 2212, 2307, 1608, 36, 10.19%, 56, 7, 14, 303.92
1614330690, 6, 2214, 2309, 1609, 36, 10.19%, 57, 7, 14, 2915.00
1614330696, 6, 2234, 2318, 1615, 35, 10.19%, 57, 7, 14, 266.95
1614330701, 6, 2236, 2326, 1622, 35, 10.19%, 57, 7, 14, 60.55
1614330706, 6, 2249, 2338, 1632, 35, 10.19%, 57, 7, 14, 383.50
1614330711, 6, 2255, 2341, 1632, 36, 10.19%, 57, 7, 14, 1614.64
1614330716, 6, 2264, 2342, 1630, 33, 10.19%, 58, 7, 14, 1606.63
1614330721, 6, 2270, 2345, 1630, 33, 10.19%, 58, 7, 14, 240.23
1614330726, 6, 2277, 2351, 1634, 31, 10.19%, 58, 7, 14, 144.96
1614330731, 6, 2279, 2357, 1638, 30, 10.19%, 58, 7, 14, 2521.43
1614330737, 6, 2285, 2368, 1646, 30, 10.19%, 58, 7, 14, 2387.42
1614330742, 6, 2291, 2374, 1650, 28, 10.20%, 59, 7, 14, 1401.78
1614330747, 6, 2293, 2377, 1652, 28, 10.20%, 59, 7, 14, 1589.54
1614330752, 6, 2296, 2379, 1651, 25, 10.20%, 59, 7, 14, 2364.95
1614330757, 6, 2302, 2381, 1652, 24, 10.20%, 59, 7, 14, 1156.40
1614330762, 6, 2309, 2383, 1652, 24, 10.20%, 59, 7, 14, 1470.65
1614330767, 6, 2320, 2395, 1661, 23, 10.21%, 59, 7, 14, 2041.80
1614330772, 6, 2340, 2405, 1668, 24, 10.21%, 62, 7, 14, 2598.71
1614330777, 6, 2359, 2414, 1673, 21, 10.21%, 64, 7, 14, 2544.85
1614330783, 6, 2371, 2419, 1676, 20, 10.21%, 64, 7, 14, 87.73
1614330788, 6, 2378, 2426, 1681, 19, 10.21%, 64, 7, 14, 1651.88
1614330793, 6, 2380, 2426, 1679, 18, 10.21%, 65, 7, 14, 1417.42
1614330798, 6, 2383, 2434, 1686, 17, 10.22%, 65, 7, 14, 1190.94
1614330803, 6, 2390, 2435, 1683, 16, 10.22%, 65, 7, 14, 2229.74
1614330808, 6, 2415, 2440, 1684, 13, 10.22%, 66, 7, 14, 2384.13
1614330813, 6, 2432, 2445, 1686, 12, 10.23%, 67, 7, 14, 2020.87
1614330818, 6, 2441, 2445, 1682, 8, 10.23%, 67, 7, 14, 905.77
1614330823, 6, 2443, 2445, 1681, 7, 10.23%, 67, 7, 14, 41.61
1614330839, 6, 2443, 2446, 1682, 7, 10.23%, 67, 7, 15, 41.69
1614330844, 6, 2443, 2449, 1685, 7, 10.23%, 67, 7, 15, 60.64
1614330854, 6, 2443, 2451, 1687, 7, 10.23%, 67, 7, 15, 82.59
1614330859, 6, 2443, 2453, 1689, 7, 10.23%, 67, 7, 15, 24.63
1614330864, 6, 2450, 2454, 1689, 7, 10.23%, 67, 7, 15, 48.35
1614330880, 7, 366, 2456, 1687, 6, 10.23%, 67, 7, 15, 70.86
1614330885, 7, 1344, 2459, 1681, 6, 10.23%, 68, 7, 15, 1714.84
1614330890, 7, 1536, 2463, 1681, 4, 10.23%, 68, 7, 15, 21.13
1614330895, 7, 1925, 2465, 1680, 3, 10.23%, 68, 7, 15, 1958.10
1614330900, 7, 1925, 2466, 1681, 3, 10.23%, 68, 7, 15, 96.76
1614330906, 7, 2296, 2470, 1683, 2, 10.23%, 68, 7, 15, 352.50
1614330911, 7, 2468, 2475, 1685, 4, 10.23%, 68, 7, 15, 2375.16
1614330916, 7, 2469, 2477, 1686, 3, 10.23%, 68, 7, 15, 229.38
1614330921, 8, 165, 2479, 1683, 1, 10.23%, 68, 7, 15, 2529.59
1614330927, 8, 1115, 2480, 1677, 1, 10.23%, 68, 7, 15, 1245.65
1614330932, 8, 1593, 2483, 1678, 1, 10.23%, 69, 7, 15, 987.79
1614330937, 8, 1813, 2486, 1677, 1, 10.23%, 69, 7, 15, 1726.64
1614330942, 8, 2043, 2490, 1678, 2, 10.23%, 69, 7, 15, 328.86
1614330947, 8, 2221, 2490, 1677, 2, 10.23%, 69, 7, 15, 335.00
1614330952, 8, 2399, 2492, 1677, 1, 10.23%, 69, 7, 15, 1553.71
1614330957, 8, 2496, 2499, 1680, 1, 10.23%, 69, 7, 15, 2372.12
1614330962, 9, 47, 2501, 1676, 0, 10.23%, 69, 7, 15, 1995.82
1614330967, 9, 106, 2501, 1669, 0, 10.23%, 69, 7, 15, 466.28
1614330972, 9, 165, 2503, 1662, 0, 10.23%, 69, 7, 15, 1506.95
1614330977, 9, 233, 2504, 1657, 0, 10.23%, 69, 7, 15, 17.09
1614330983, 9, 275, 2504, 1652, 0, 10.23%, 69, 7, 15, 1101.85
1614330988, 9, 321, 2506, 1644, 0, 10.23%, 69, 7, 15, 1157.40
1614330993, 9, 355, 2508, 1640, 0, 10.23%, 69, 7, 15, 831.32
1614330998, 9, 398, 2508, 1631, 0, 10.23%, 69, 7, 15, 1065.26
1614331003, 9, 446, 2508, 1623, 0, 10.23%, 70, 7, 15, 1160.17
1614331008, 9, 500, 2513, 1616, 0, 10.23%, 70, 7, 15, 353.52
1614331013, 9, 540, 2514, 1609, 0, 10.23%, 70, 7, 15, 555.06
1614331018, 9, 579, 2517, 1603, 0, 10.23%, 70, 7, 15, 2208.72
1614331024, 9, 634, 2517, 1599, 0, 10.23%, 70, 7, 15, 2373.13
1614331029, 9, 1649, 2519, 1599, 1, 10.23%, 70, 7, 15, 17.28
1614331034, 9, 1737, 2520, 1598, 1, 10.23%, 70, 7, 15, 164.41
1614331039, 9, 2227, 2520, 1595, 1, 10.23%, 70, 7, 15, 282.31
1614331044, 9, 2356, 2520, 1594, 1, 10.23%, 70, 7, 15, 2534.40
1614331049, 9, 2492, 2524, 1596, 1, 10.23%, 70, 7, 15, 2974.41
1614331054, 9, 2518, 2527, 1598, 0, 10.23%, 70, 7, 15, 271.10
1614331059, 9, 2523, 2529, 1598, 0, 10.23%, 72, 7, 15, 58.56
1614331065, 10, 60, 2531, 1597, 0, 10.23%, 72, 7, 15, 595.36
1614331070, 10, 749, 2534, 1594, 1, 10.23%, 72, 7, 15, 1236.06
1614331075, 10, 1285, 2535, 1589, 1, 10.23%, 72, 7, 15, 1419.31
1614331080, 10, 1744, 2537, 1587, 2, 10.23%, 73, 7, 15, 2107.50
1614331085, 10, 2276, 2538, 1585, 2, 10.23%, 73, 7, 15, 1455.35
1614331090, 10, 2368, 2543, 1589, 2, 10.23%, 74, 7, 15, 24.70
1614331095, 10, 2430, 2544, 1589, 2, 10.23%, 74, 7, 15, 1172.68
1614331100, 10, 2541, 2546, 1588, 0, 10.23%, 75, 7, 15, 1811.87
1614331105, 10, 2542, 2548, 1589, 0, 10.23%, 75, 7, 15, 24.49
1614331111, 10, 2545, 2550, 1590, 0, 10.23%, 75, 7, 15, 41.36
1614331116, 10, 2545, 2550, 1590, 0, 10.23%, 76, 7, 15, 33.83
1614331121, 10, 2547, 2551, 1590, 0, 10.23%, 76, 7, 15, 18.18
1614331219, 11, 64, 2551, 1585, 0, 10.23%, 76, 7, 15, 1251.96
1614331224, 11, 154, 2551, 1579, 0, 10.23%, 76, 7, 15, 1855.51
1614331229, 11, 205, 2552, 1573, 0, 10.23%, 76, 7, 15, 843.97
1614331234, 11, 265, 2553, 1567, 0, 10.23%, 76, 7, 15, 1119.42
1614331240, 11, 317, 2553, 1558, 0, 10.23%, 76, 7, 15, 1099.09
1614331245, 11, 351, 2554, 1552, 0, 10.23%, 76, 7, 15, 711.26
1614331250, 11, 700, 2556, 1548, 1, 10.24%, 76, 7, 15, 1150.99
1614331256, 11, 1370, 2557, 1541, 1, 10.24%, 76, 7, 15, 34.31
1614331261, 11, 1544, 2560, 1542, 2, 10.24%, 76, 7, 15, 2141.08
1614331266, 11, 1807, 2563, 1542, 3, 10.24%, 76, 7, 15, 2181.08
1614331271, 11, 1907, 2564, 1540, 3, 10.24%, 76, 7, 15, 2330.82
1614331276, 11, 2068, 2568, 1541, 5, 10.24%, 76, 7, 15, 2511.94
1614331281, 11, 2089, 2570, 1541, 5, 10.24%, 76, 7, 15, 960.00
1614331286, 11, 2389, 2572, 1540, 5, 10.24%, 76, 7, 15, 1602.82
1614331291, 11, 2448, 2572, 1540, 5, 10.24%, 76, 7, 15, 26.88
1614331369, 11, 2448, 2577, 1544, 5, 10.24%, 76, 7, 16, 549.65
1614331379, 11, 2555, 2581, 1546, 5, 10.24%, 77, 7, 16, 256.06
1614331384, 11, 2565, 2587, 1549, 3, 10.24%, 78, 7, 16, 2297.72
1614331389, 12, 21, 2590, 1547, 0, 10.24%, 78, 7, 16, 2237.66
1614331394, 12, 64, 2591, 1545, 0, 10.24%, 78, 7, 16, 1702.15
1614331400, 12, 126, 2591, 1543, 0, 10.24%, 78, 7, 16, 1322.57
1614331405, 12, 207, 2591, 1536, 0, 10.24%, 78, 7, 16, 1824.91
1614331410, 12, 288, 2592, 1530, 0, 10.24%, 78, 7, 16, 1424.66
1614331415, 12, 367, 2592, 1526, 0, 10.24%, 78, 7, 16, 1718.48
1614331420, 12, 430, 2592, 1519, 0, 10.24%, 78, 7, 16, 1685.69
1614331425, 12, 489, 2594, 1513, 0, 10.24%, 78, 7, 16, 883.75
1614331430, 12, 601, 2595, 1506, 0, 10.24%, 78, 7, 16, 1434.63
1614331435, 12, 634, 2596, 1504, 0, 10.24%, 78, 7, 16, 2532.15
1614331442, 12, 653, 2596, 1500, 0, 10.24%, 78, 7, 16, 4.68
1614331447, 12, 686, 2598, 1495, 0, 10.24%, 78, 7, 16, 1201.51
1614331453, 12, 721, 2599, 1489, 0, 10.24%, 78, 7, 16, 2595.82
1614331458, 12, 770, 2601, 1487, 0, 10.24%, 78, 7, 16, 721.59
1614331463, 12, 830, 2602, 1479, 0, 10.24%, 78, 7, 16, 2024.50
1614331468, 12, 888, 2602, 1474, 0, 10.24%, 78, 7, 16, 2187.06
1614331473, 12, 962, 2604, 1467, 0, 10.24%, 78, 7, 16, 2155.66
1614331478, 12, 1029, 2607, 1460, 0, 10.24%, 78, 7, 16, 1375.31
1614331483, 12, 1082, 2610, 1452, 0, 10.24%, 78, 7, 16, 1848.10
1614331488, 12, 1110, 2612, 1448, 0, 10.24%, 78, 7, 16, 2183.53
1614331494, 12, 1151, 2612, 1440, 0, 10.24%, 78, 7, 16, 2269.14
1614331499, 12, 1176, 2614, 1438, 0, 10.24%, 78, 7, 16, 96.72
1614331504, 12, 1182, 2619, 1441, 0, 10.24%, 78, 7, 16, 1079.81
1614331509, 12, 1231, 2621, 1438, 0, 10.24%, 78, 7, 16, 485.67
1614331514, 12, 1277, 2622, 1433, 0, 10.24%, 78, 7, 16, 2877.95
1614331519, 12, 1277, 2626, 1437, 0, 10.24%, 78, 7, 16, 29.23
1614331524, 12, 1297, 2626, 1434, 0, 10.24%, 78, 7, 16, 1218.44
1614331530, 12, 1377, 2627, 1430, 1, 10.24%, 78, 7, 16, 301.62
1614331535, 12, 1807, 2629, 1429, 1, 10.24%, 78, 7, 16, 2248.22
1614331540, 12, 2168, 2630, 1426, 1, 10.24%, 78, 7, 16, 2387.04
1614331545, 12, 2515, 2631, 1426, 1, 10.24%, 78, 7, 16, 82.38
1614331581, 12, 2516, 2631, 1425, 1, 10.24%, 78, 7, 16, 89.44
1614331601, 12, 2576, 2634, 1427, 1, 10.24%, 78, 7, 16, 349.97
1614331627, 12, 2576, 2636, 1429, 1, 10.24%, 78, 7, 17, 43.07
1614331632, 12, 2576, 2641, 1434, 1, 10.24%, 78, 7, 17, 23.70
1614331637, 12, 2576, 2642, 1435, 1, 10.24%, 78, 7, 17, 19.15
1614331642, 12, 2576, 2643, 1436, 1, 10.24%, 79, 7, 17, 126.45
1614331647, 13, 1, 2650, 1439, 0, 10.24%, 79, 7, 17, 1591.96
1614331653, 13, 84, 2650, 1436, 0, 10.24%, 79, 7, 17, 2011.16
1614331658, 13, 541, 2651, 1435, 1, 10.24%, 79, 7, 17, 2570.23
1614331663, 13, 1394, 2652, 1432, 2, 10.24%, 79, 7, 17, 2367.32
1614331668, 13, 1557, 2652, 1428, 2, 10.24%, 79, 7, 17, 114.14
1614331673, 13, 1736, 2655, 1429, 2, 10.24%, 79, 7, 17, 69.47
1614331678, 13, 2169, 2655, 1428, 2, 10.24%, 80, 7, 17, 1412.52
1614331683, 13, 2327, 2655, 1427, 2, 10.24%, 80, 7, 17, 52.19
1614331724, 13, 2650, 2656, 1425, 2, 10.24%, 80, 7, 17, 392.43
1614331729, 14, 61, 2658, 1424, 1, 10.26%, 80, 7, 17, 38.88
1614331735, 14, 1250, 2658, 1416, 1, 10.26%, 80, 7, 17, 1762.42
1614331740, 14, 1921, 2659, 1413, 1, 10.26%, 80, 8, 17, 2825.96
1614331745, 14, 2167, 2659, 1410, 1, 10.26%, 80, 8, 17, 83.28
1614331750, 15, 27, 2660, 1409, 0, 10.26%, 80, 8, 17, 653.37
1614331755, 15, 99, 2661, 1409, 0, 10.26%, 80, 8, 17, 1462.63
1614331760, 15, 172, 2662, 1404, 0, 10.26%, 80, 8, 17, 1720.24
1614331766, 15, 263, 2662, 1398, 0, 10.26%, 80, 8, 17, 960.99
1614331771, 15, 323, 2662, 1396, 0, 10.26%, 80, 8, 17, 1464.33
1614331776, 15, 378, 2662, 1390, 0, 10.26%, 81, 8, 17, 1608.16
1614331781, 15, 429, 2663, 1388, 0, 10.26%, 81, 8, 17, 1077.95
1614331786, 15, 529, 2663, 1380, 0, 10.26%, 81, 8, 17, 74.42
1614331791, 15, 587, 2663, 1374, 0, 10.26%, 84, 8, 17, 1415.75
1614331796, 15, 616, 2663, 1372, 0, 10.26%, 84, 8, 17, 2051.45
1614331801, 15, 650, 2663, 1367, 0, 10.26%, 84, 8, 17, 270.24
1614331806, 15, 682, 2664, 1363, 0, 10.26%, 85, 8, 17, 19.12
1614331811, 15, 703, 2664, 1360, 0, 10.26%, 86, 8, 17, 1382.82
1614331817, 15, 764, 2664, 1352, 0, 10.26%, 86, 8, 17, 582.09
1614331823, 15, 831, 2664, 1346, 0, 10.26%, 86, 8, 17, 185.31
1614331828, 15, 877, 2665, 1343, 0, 10.26%, 86, 8, 17, 193.58
1614331833, 15, 915, 2667, 1340, 0, 10.26%, 86, 8, 17, 30.84
1614331839, 15, 931, 2670, 1340, 0, 10.26%, 86, 8, 17, 1518.30
1614331844, 15, 1693, 2671, 1338, 1, 10.26%, 86, 8, 17, 2928.11
1614331849, 15, 1939, 2671, 1337, 1, 10.26%, 86, 8, 17, 2915.98
1614331854, 15, 2238, 2672, 1336, 1, 10.26%, 86, 9, 17, 2950.28
1614331859, 15, 2402, 2675, 1337, 1, 10.26%, 86, 9, 17, 2635.50
1614331864, 15, 2638, 2676, 1336, 2, 10.27%, 86, 9, 17, 33.79
1614331971, 15, 2638, 2677, 1337, 2, 10.27%, 86, 9, 18, 16.79
1614331976, 15, 2638, 2680, 1340, 2, 10.27%, 86, 9, 18, 20.78
1614331986, 15, 2638, 2681, 1341, 2, 10.27%, 86, 9, 18, 19.81
1614331991, 15, 2638, 2682, 1342, 2, 10.27%, 86, 9, 18, 19.82
1614332058, 15, 2675, 2683, 1341, 2, 10.27%, 86, 9, 18, 2510.47
1614332063, 15, 2677, 2685, 1342, 1, 10.27%, 86, 9, 18, 2074.33
1614332068, 16, 24, 2685, 1339, 0, 10.27%, 86, 9, 18, 720.66
1614332073, 16, 89, 2686, 1338, 0, 10.27%, 86, 9, 18, 1223.26
1614332078, 16, 166, 2687, 1336, 0, 10.27%, 86, 9, 18, 1549.68
1614332084, 16, 283, 2687, 1332, 0, 10.27%, 86, 9, 18, 1366.26
1614332089, 16, 351, 2687, 1328, 0, 10.27%, 86, 9, 18, 1386.63
1614332094, 16, 568, 2688, 1327, 1, 10.27%, 86, 9, 18, 1676.26
1614332099, 16, 1176, 2688, 1322, 1, 10.27%, 86, 9, 18, 1517.16
1614332104, 16, 1874, 2689, 1320, 1, 10.27%, 86, 9, 18, 2373.44
1614332110, 16, 2321, 2690, 1319, 2, 10.27%, 86, 9, 18, 57.65
1614332145, 16, 2642, 2690, 1318, 2, 10.27%, 86, 9, 18, 16.89
1614332259, 16, 2642, 2691, 1319, 2, 10.27%, 86, 9, 18, 23.38
1614332274, 16, 2687, 2691, 1317, 2, 10.27%, 86, 9, 18, 1777.65
1614332280, 17, 29, 2692, 1315, 0, 10.27%, 87, 9, 18, 1697.26
1614332285, 17, 88, 2692, 1314, 0, 10.27%, 87, 9, 18, 2715.31
1614332290, 17, 111, 2692, 1313, 0, 10.27%, 87, 10, 18, 389.12
1614332295, 17, 677, 2694, 1313, 1, 10.28%, 87, 10, 18, 1337.80
1614332300, 17, 1639, 2697, 1311, 2, 10.28%, 87, 10, 18, 2420.73
1614332305, 17, 2244, 2697, 1307, 2, 10.28%, 87, 10, 18, 2628.81
1614332310, 17, 2471, 2700, 1308, 3, 10.28%, 88, 10, 18, 1801.35
1614332315, 17, 2565, 2702, 1309, 4, 10.28%, 88, 10, 18, 1404.21
1614332320, 17, 2692, 2707, 1313, 4, 10.28%, 88, 10, 18, 1434.97
1614332326, 17, 2698, 2708, 1312, 4, 10.28%, 88, 10, 18, 1119.19
1614332331, 17, 2706, 2708, 1309, 1, 10.28%, 88, 10, 18, 1124.64
1614332336, 18, 25, 2709, 1309, 0, 10.28%, 88, 10, 18, 17.66
1614332341, 18, 88, 2709, 1308, 0, 10.28%, 88, 10, 18, 1484.61
1614332347, 18, 167, 2710, 1305, 0, 10.28%, 88, 10, 18, 303.43
1614332352, 18, 251, 2710, 1300, 0, 10.28%, 88, 10, 18, 1298.27
1614332357, 18, 312, 2710, 1300, 0, 10.28%, 88, 10, 18, 1379.49
1614332362, 18, 369, 2710, 1297, 0, 10.28%, 88, 10, 18, 2140.75
1614332367, 18, 435, 2711, 1293, 0, 10.28%, 88, 10, 18, 67.94
1614332373, 18, 539, 2712, 1289, 0, 10.28%, 88, 10, 18, 984.98
1614332378, 18, 613, 2712, 1288, 0, 10.28%, 88, 10, 18, 438.27
1614332383, 18, 639, 2712, 1285, 0, 10.28%, 88, 10, 18, 244.67
1614332389, 18, 704, 2712, 1280, 0, 10.28%, 88, 10, 18, 1802.75
1614332394, 18, 772, 2712, 1274, 0, 10.28%, 89, 10, 18, 1371.91
1614332399, 18, 805, 2712, 1270, 0, 10.28%, 89, 10, 18, 18.51
1614332404, 18, 859, 2712, 1262, 0, 10.28%, 89, 10, 18, 1965.39
1614332409, 18, 920, 2712, 1260, 0, 10.28%, 89, 10, 18, 2131.59
1614332414, 18, 1284, 2713, 1257, 1, 10.28%, 89, 10, 18, 37.38
1614332419, 18, 1709, 2714, 1256, 1, 10.28%, 89, 10, 18, 1935.82
1614332424, 18, 1982, 2714, 1255, 1, 10.28%, 92, 10, 18, 17.48
1614332434, 18, 2246, 2717, 1255, 1, 10.30%, 92, 10, 18, 1806.29
1614332439, 18, 2612, 2717, 1252, 2, 10.30%, 92, 10, 18, 90.28
1614332460, 18, 2719, 2725, 1256, 3, 10.30%, 92, 10, 18, 1970.51
1614332465, 18, 2723, 2726, 1255, 3, 10.31%, 92, 10, 18, 1345.00
1614332470, 19, 27, 2727, 1252, 0, 10.31%, 92, 10, 18, 2451.99
1614332475, 19, 60, 2727, 1252, 0, 10.31%, 92, 10, 18, 782.10
1614332481, 19, 154, 2727, 1252, 0, 10.31%, 92, 10, 18, 1331.20
1614332486, 19, 251, 2728, 1250, 0, 10.31%, 92, 10, 18, 1356.74
1614332491, 19, 324, 2728, 1248, 0, 10.31%, 92, 10, 18, 1079.00
1614332496, 19, 456, 2728, 1247, 0, 10.31%, 92, 10, 18, 65.40
1614332501, 19, 500, 2728, 1241, 0, 10.31%, 92, 10, 18, 1354.49
1614332507, 19, 561, 2728, 1235, 0, 10.31%, 92, 10, 18, 984.70
1614332512, 19, 627, 2728, 1233, 0, 10.31%, 92, 10, 18, 48.14
1614332518, 19, 655, 2728, 1233, 0, 10.31%, 92, 10, 18, 44.44
1614332523, 19, 737, 2729, 1228, 0, 10.31%, 92, 10, 18, 1760.27
1614332528, 19, 807, 2729, 1224, 0, 10.31%, 92, 10, 18, 314.10
1614332533, 19, 849, 2731, 1224, 0, 10.31%, 92, 10, 18, 1205.00
1614332539, 19, 890, 2732, 1222, 0, 10.31%, 92, 10, 18, 61.01
1614332544, 19, 923, 2735, 1224, 0, 10.31%, 92, 10, 18, 358.55
1614332550, 19, 987, 2735, 1218, 0, 10.31%, 93, 10, 18, 2691.60
1614332555, 19, 1000, 2737, 1216, 0, 10.31%, 93, 10, 18, 706.95
1614332560, 19, 1073, 2738, 1213, 0, 10.31%, 93, 10, 18, 1829.42
1614332565, 19, 1099, 2739, 1208, 0, 10.31%, 93, 10, 18, 230.49
1614332570, 19, 1150, 2739, 1203, 0, 10.31%, 93, 10, 18, 2121.09
1614332576, 19, 1470, 2741, 1200, 1, 10.31%, 94, 10, 18, 1873.49
1614332581, 19, 2033, 2741, 1196, 1, 10.31%, 94, 10, 18, 2424.86
1614332586, 19, 2128, 2741, 1195, 1, 10.31%, 94, 10, 18, 16.62
1614332591, 19, 2128, 2742, 1196, 1, 10.31%, 94, 10, 18, 18.22
1614332601, 19, 2248, 2743, 1194, 1, 10.31%, 94, 10, 18, 1924.58
1614332606, 19, 2344, 2743, 1192, 1, 10.31%, 94, 10, 18, 140.60
1614332641, 19, 2476, 2743, 1191, 1, 10.31%, 94, 10, 18, 533.65
1614332647, 19, 2623, 2743, 1190, 1, 10.31%, 94, 10, 18, 37.14
1614332703, 19, 2739, 2744, 1190, 1, 10.31%, 95, 10, 18, 2273.26
1614332708, 19, 2745, 2746, 1190, 0, 10.31%, 95, 10, 18, 219.06
1614332713, 20, 72, 2747, 1190, 0, 10.31%, 95, 10, 18, 1920.55
1614332718, 20, 146, 2748, 1189, 0, 10.31%, 95, 10, 18, 116.36
1614332723, 20, 233, 2748, 1187, 0, 10.31%, 95, 10, 18, 1801.15
1614332728, 20, 291, 2748, 1186, 0, 10.31%, 95, 10, 18, 46.36
1614332733, 20, 423, 2748, 1184, 0, 10.31%, 95, 10, 18, 974.28
1614332739, 20, 560, 2748, 1181, 0, 10.31%, 95, 10, 18, 1277.13
1614332744, 20, 626, 2748, 1177, 0, 10.31%, 95, 10, 18, 462.00
1614332749, 20, 662, 2749, 1178, 0, 10.31%, 95, 10, 18, 1315.88
1614332754, 20, 711, 2749, 1175, 0, 10.31%, 95, 10, 18, 17.94
1614332759, 20, 788, 2750, 1172, 0, 10.31%, 95, 10, 18, 1211.31
1614332765, 20, 872, 2750, 1168, 0, 10.31%, 95, 10, 18, 32.92
1614332770, 20, 951, 2750, 1166, 0, 10.31%, 95, 10, 18, 2608.82
1614332775, 20, 1007, 2750, 1163, 0, 10.31%, 95, 10, 18, 2134.78
1614332780, 20, 1039, 2750, 1159, 0, 10.31%, 95, 10, 18, 1270.68
1614332785, 20, 1098, 2751, 1153, 0, 10.31%, 95, 10, 18, 1921.17
1614332790, 20, 1112, 2751, 1152, 0, 10.31%, 95, 10, 18, 1419.86
1614332795, 20, 1182, 2754, 1150, 0, 10.31%, 95, 10, 18, 1917.18
1614332800, 20, 1204, 2754, 1146, 0, 10.31%, 95, 10, 18, 1903.95
1614332805, 20, 1238, 2754, 1143, 0, 10.31%, 95, 10, 18, 1577.37
1614332811, 20, 1302, 2754, 1139, 0, 10.31%, 95, 10, 18, 244.06
1614332816, 20, 1336, 2754, 1137, 0, 10.31%, 95, 10, 18, 1679.56
1614332821, 20, 1354, 2754, 1133, 0, 10.31%, 95, 10, 18, 2601.84
1614332827, 20, 1388, 2756, 1132, 0, 10.31%, 95, 10, 18, 458.33
1614332832, 20, 1414, 2756, 1131, 0, 10.31%, 95, 10, 18, 2900.00
1614332837, 20, 1954, 2758, 1131, 1, 10.31%, 95, 10, 18, 1046.96
1614332842, 20, 2618, 2759, 1128, 1, 10.31%, 95, 10, 18, 59.54
1614332904, 21, 21, 2759, 1126, 0, 10.31%, 95, 10, 18, 50.87
1614332909, 21, 91, 2759, 1125, 0, 10.31%, 96, 10, 18, 1310.30
1614332914, 21, 185, 2763, 1129, 0, 10.31%, 96, 10, 18, 1594.21
1614332919, 21, 236, 2763, 1128, 0, 10.31%, 96, 10, 18, 636.58
1614332925, 21, 324, 2763, 1127, 0, 10.31%, 96, 10, 18, 208.70
1614332930, 21, 429, 2763, 1123, 0, 10.31%, 96, 10, 18, 1616.72
1614332936, 21, 522, 2763, 1121, 0, 10.31%, 96, 10, 18, 85.97
1614332941, 21, 604, 2763, 1120, 0, 10.31%, 96, 10, 18, 1466.08
1614332946, 21, 677, 2764, 1119, 0, 10.31%, 96, 10, 18, 92.29
1614332951, 21, 748, 2764, 1115, 0, 10.31%, 96, 10, 18, 1846.75
1614332956, 21, 770, 2765, 1115, 0, 10.31%, 96, 10, 18, 190.58
1614332961, 21, 870, 2765, 1110, 0, 10.31%, 96, 10, 18, 2019.46
1614332967, 21, 936, 2765, 1106, 0, 10.31%, 96, 10, 18, 2545.22
1614332972, 21, 994, 2765, 1101, 0, 10.31%, 97, 10, 18, 1539.91
1614332977, 21, 1042, 2765, 1097, 0, 10.31%, 97, 10, 18, 2627.38
1614332982, 21, 1124, 2766, 1095, 0, 10.31%, 97, 10, 18, 2073.94
1614332987, 21, 1160, 2768, 1095, 0, 10.31%, 97, 10, 18, 7.83
1614332992, 21, 1198, 2768, 1091, 0, 10.31%, 97, 10, 18, 2009.64
1614332997, 21, 1240, 2769, 1087, 0, 10.31%, 97, 10, 18, 1554.35
1614333003, 21, 1302, 2769, 1083, 0, 10.31%, 97, 10, 18, 1733.88
1614333008, 21, 1326, 2769, 1082, 0, 10.31%, 97, 10, 18, 1889.27
1614333013, 21, 1336, 2769, 1081, 0, 10.31%, 97, 10, 18, 22.95
1614333018, 21, 1378, 2771, 1082, 0, 10.31%, 97, 10, 18, 311.29
1614333023, 21, 1417, 2771, 1080, 0, 10.31%, 97, 10, 18, 2414.04
1614333029, 21, 1434, 2771, 1077, 0, 10.31%, 97, 10, 18, 59.44
1614333034, 21, 1461, 2771, 1074, 0, 10.31%, 97, 10, 18, 1563.58
1614333040, 21, 1473, 2774, 1074, 0, 10.31%, 97, 10, 18, 42.05
1614333045, 21, 1478, 2776, 1073, 0, 10.31%, 97, 10, 18, 1879.20
1614333051, 21, 1499, 2776, 1070, 0, 10.31%, 97, 10, 18, 178.30
1614333056, 21, 1514, 2776, 1067, 0, 10.31%, 97, 10, 18, 2006.51
1614333061, 21, 1525, 2776, 1066, 0, 10.31%, 97, 10, 18, 152.26
1614333066, 21, 1564, 2776, 1062, 0, 10.31%, 97, 10, 18, 2001.09
1614333071, 21, 1567, 2776, 1061, 0, 10.31%, 97, 10, 18, 18.73
1614333076, 21, 1570, 2779, 1062, 0, 10.31%, 97, 10, 18, 24.44
1614333081, 21, 1579, 2780, 1062, 0, 10.31%, 97, 10, 18, 18.76
1614333087, 21, 1579, 2781, 1063, 0, 10.31%, 97, 10, 18, 164.51
1614333092, 21, 1600, 2781, 1062, 0, 10.31%, 97, 10, 18, 2197.10
1614333097, 21, 1617, 2781, 1058, 0, 10.31%, 97, 10, 18, 1914.21
1614333102, 21, 1641, 2781, 1054, 0, 10.31%, 97, 10, 18, 1102.59
1614333107, 21, 1647, 2781, 1051, 0, 10.31%, 97, 10, 18, 1592.81
1614333113, 21, 1668, 2781, 1047, 0, 10.31%, 98, 10, 18, 1950.71
1614333118, 21, 1691, 2781, 1043, 0, 10.31%, 98, 10, 18, 1932.38
1614333123, 21, 1702, 2781, 1040, 0, 10.31%, 98, 10, 18, 2122.07
1614333128, 21, 1718, 2781, 1039, 0, 10.31%, 98, 10, 18, 1868.36
1614333138, 21, 1735, 2781, 1037, 0, 10.31%, 98, 10, 18, 1009.23
1614333143, 21, 1752, 2782, 1034, 0, 10.31%, 98, 10, 18, 911.81
1614333149, 21, 1765, 2784, 1033, 0, 10.31%, 98, 10, 18, 2500.26
1614333154, 21, 1796, 2784, 1031, 0, 10.31%, 98, 10, 18, 2408.63
1614333159, 21, 1804, 2785, 1029, 0, 10.31%, 98, 10, 18, 494.12
1614333164, 21, 1823, 2786, 1029, 0, 10.31%, 98, 10, 18, 71.58
1614333169, 21, 1833, 2786, 1027, 0, 10.31%, 98, 10, 18, 155.15
1614333174, 21, 1847, 2787, 1025, 0, 10.31%, 98, 10, 18, 2656.38
1614333180, 21, 1858, 2787, 1025, 0, 10.31%, 98, 10, 18, 2630.10
1614333185, 21, 1868, 2787, 1022, 0, 10.31%, 98, 10, 18, 125.00
1614333190, 21, 1882, 2788, 1021, 0, 10.31%, 98, 10, 18, 2445.08
1614333195, 21, 1903, 2788, 1018, 0, 10.31%, 98, 10, 18, 2811.88
1614333200, 21, 1920, 2790, 1016, 0, 10.31%, 98, 10, 18, 2351.99
1614333205, 21, 2026, 2792, 1018, 2, 10.32%, 98, 10, 18, 1850.00
1614333210, 21, 2066, 2793, 1018, 2, 10.32%, 98, 10, 18, 20.24
1614333221, 21, 2388, 2795, 1019, 2, 10.32%, 98, 10, 18, 2323.99
1614333226, 21, 2790, 2795, 1017, 3, 10.32%, 98, 10, 18, 1582.67
1614333231, 21, 2795, 2798, 1017, 0, 10.32%, 98, 10, 18, 440.77
1614333241, 21, 2795, 2801, 1020, 0, 10.41%, 98, 10, 18, 193.32
1614333246, 21, 2800, 2801, 1019, 1, 10.41%, 98, 10, 18, 1702.97
1614333256, 22, 29, 2802, 1019, 0, 10.41%, 98, 10, 18, 1411.51
1614333262, 22, 105, 2802, 1019, 0, 10.41%, 98, 10, 18, 388.89
1614333267, 22, 868, 2803, 1019, 1, 10.42%, 98, 10, 18, 974.84
1614333273, 22, 1611, 2803, 1019, 1, 10.42%, 98, 10, 18, 4.78
1614333278, 22, 2105, 2804, 1017, 2, 10.42%, 98, 10, 18, 2226.21
1614333283, 22, 2138, 2805, 1018, 2, 10.42%, 98, 10, 18, 20.96
1614333288, 22, 2288, 2805, 1018, 3, 10.42%, 98, 10, 18, 55.98
1614333324, 22, 2802, 2808, 1018, 5, 10.43%, 99, 10, 18, 1379.96
1614333329, 22, 2809, 2819, 1024, 4, 10.43%, 100, 10, 18, 2016.82
1614333334, 23, 44, 2819, 1020, 0, 10.43%, 100, 10, 18, 1518.52
1614333339, 23, 117, 2820, 1021, 0, 10.43%, 100, 10, 18, 2564.21
1614333344, 23, 233, 2820, 1018, 0, 10.43%, 100, 10, 18, 2287.06
1614333349, 23, 341, 2820, 1017, 0, 10.43%, 100, 10, 18, 330.16
1614333355, 23, 456, 2820, 1014, 0, 10.43%, 100, 10, 18, 20.67
1614333360, 23, 557, 2820, 1012, 0, 10.43%, 100, 10, 18, 2294.03
1614333366, 23, 615, 2820, 1011, 0, 10.43%, 100, 10, 18, 2550.80
1614333371, 23, 685, 2820, 1009, 0, 10.43%, 100, 10, 18, 2052.17
1614333376, 23, 826, 2820, 1009, 0, 10.43%, 100, 10, 18, 2756.92
1614333381, 23, 930, 2820, 1009, 0, 10.43%, 100, 10, 18, 2769.98
1614333387, 23, 1014, 2820, 1007, 0, 10.43%, 100, 10, 18, 108.39
1614333392, 23, 2004, 2822, 1005, 2, 10.45%, 100, 10, 18, 2663.37
1614333397, 23, 2085, 2823, 1004, 3, 10.45%, 100, 10, 18, 381.14
1614333402, 23, 2486, 2824, 1003, 3, 10.45%, 101, 10, 18, 1376.09
1614333407, 23, 2823, 2824, 1000, 1, 10.45%, 101, 10, 18, 1796.10
1614333412, 24, 88, 2824, 999, 0, 10.45%, 101, 10, 18, 1791.63
1614333417, 24, 157, 2824, 998, 0, 10.45%, 101, 10, 18, 2339.50
1614333422, 24, 1325, 2825, 998, 1, 10.45%, 101, 10, 18, 1568.66
1614333428, 24, 1885, 2826, 998, 2, 10.45%, 101, 10, 18, 1369.05
1614333433, 24, 2168, 2826, 996, 2, 10.45%, 101, 10, 18, 36.44
1614333438, 24, 2378, 2826, 995, 2, 10.45%, 101, 10, 18, 1593.15
1614333443, 24, 2419, 2827, 996, 2, 10.45%, 101, 10, 18, 54.46
1614333478, 24, 2475, 2827, 995, 2, 10.45%, 101, 10, 18, 2034.65
1614333484, 24, 2667, 2827, 993, 2, 10.45%, 101, 10, 18, 23.30
1614333540, 24, 2824, 2830, 993, 4, 10.45%, 101, 10, 18, 71.54
1614333545, 24, 2830, 2834, 992, 3, 10.46%, 101, 10, 18, 1773.60
1614333550, 24, 2832, 2837, 994, 2, 10.46%, 101, 10, 18, 675.78
1614333555, 24, 2834, 2840, 995, 1, 10.46%, 101, 10, 18, 9.96
1614333560, 24, 2834, 2841, 996, 1, 10.46%, 101, 10, 18, 508.82
1614333565, 25, 39, 2841, 995, 0, 10.46%, 101, 10, 18, 696.39
1614333570, 25, 114, 2841, 995, 0, 10.46%, 101, 10, 18, 1548.81
1614333575, 25, 230, 2844, 996, 0, 10.46%, 101, 10, 18, 732.77
1614333581, 25, 322, 2844, 996, 0, 10.46%, 101, 10, 18, 997.92
1614333586, 25, 378, 2844, 993, 0, 10.46%, 101, 10, 18, 1219.89
1614333591, 25, 491, 2845, 994, 0, 10.46%, 101, 10, 18, 687.15
1614333596, 25, 603, 2846, 994, 0, 10.46%, 101, 10, 18, 1785.91
1614333601, 25, 639, 2847, 994, 0, 10.46%, 101, 10, 18, 1538.19
1614333606, 25, 679, 2847, 991, 0, 10.46%, 101, 10, 18, 1279.81
1614333611, 25, 1008, 2848, 992, 1, 10.46%, 101, 10, 18, 2839.80
1614333616, 25, 1425, 2848, 991, 1, 10.46%, 101, 10, 18, 1205.75
1614333621, 25, 1830, 2852, 992, 1, 10.46%, 101, 10, 18, 1862.51
1614333626, 25, 2158, 2852, 990, 1, 10.46%, 101, 10, 18, 1099.04
1614333631, 25, 2407, 2855, 992, 1, 10.46%, 102, 10, 18, 1928.84
1614333636, 25, 2619, 2856, 991, 1, 10.46%, 102, 10, 18, 323.39
1614333642, 25, 2847, 2857, 991, 1, 10.46%, 103, 10, 18, 124.87
1614333647, 26, 21, 2858, 988, 0, 10.46%, 103, 10, 18, 1326.27
1614333652, 26, 88, 2858, 988, 0, 10.46%, 103, 10, 18, 2205.24
1614333657, 26, 167, 2858, 988, 0, 10.46%, 103, 10, 18, 1856.61
1614333662, 26, 254, 2860, 988, 0, 10.46%, 103, 10, 18, 167.72
1614333667, 26, 339, 2861, 988, 0, 10.46%, 103, 10, 18, 186.58
1614333673, 26, 445, 2861, 987, 0, 10.46%, 103, 10, 18, 1578.13
1614333678, 26, 579, 2862, 986, 0, 10.46%, 103, 10, 18, 1063.57
1614333683, 26, 628, 2863, 986, 0, 10.46%, 103, 10, 18, 2060.63
1614333688, 26, 711, 2863, 985, 0, 10.46%, 104, 10, 18, 657.91
1614333693, 26, 814, 2864, 986, 0, 10.46%, 104, 10, 18, 2379.23
1614333698, 26, 884, 2865, 986, 0, 10.46%, 104, 10, 18, 2970.44
1614333703, 26, 993, 2865, 983, 0, 10.46%, 104, 10, 18, 2547.50
1614333708, 26, 1068, 2866, 983, 0, 10.46%, 104, 10, 18, 1618.64
1614333714, 26, 1147, 2866, 980, 0, 10.46%, 104, 10, 18, 2533.61
1614333719, 26, 1227, 2867, 978, 0, 10.46%, 104, 10, 18, 2925.00
1614333724, 26, 1272, 2868, 976, 0, 10.46%, 104, 10, 18, 2072.66
1614333729, 26, 1651, 2869, 976, 1, 10.46%, 104, 10, 18, 1611.53
1614333735, 26, 1736, 2869, 975, 1, 10.46%, 104, 10, 18, 37.53
1614333740, 26, 2177, 2869, 975, 1, 10.46%, 104, 10, 18, 1301.64
1614333745, 26, 2268, 2869, 973, 1, 10.46%, 104, 10, 18, 2802.68
1614333750, 26, 2633, 2870, 974, 1, 10.46%, 104, 10, 18, 206.29
1614333760, 26, 2633, 2871, 975, 1, 10.46%, 104, 10, 18, 178.75
1614333766, 26, 2868, 2871, 974, 1, 10.46%, 104, 10, 18, 26.31
1614333771, 26, 2870, 2871, 973, 0, 10.46%, 104, 10, 18, 317.23
1614333781, 27, 72, 2871, 972, 0, 10.46%, 104, 10, 18, 2370.00
1614333786, 27, 172, 2871, 972, 0, 10.46%, 104, 10, 18, 2882.65
1614333791, 27, 296, 2871, 972, 0, 10.46%, 104, 10, 18, 1212.33
1614333796, 27, 429, 2871, 971, 0, 10.46%, 104, 10, 18, 1509.05
1614333801, 27, 579, 2872, 971, 0, 10.46%, 104, 10, 18, 1199.11
1614333807, 27, 634, 2873, 970, 0, 10.46%, 104, 10, 18, 1477.68
1614333812, 27, 711, 2873, 966, 0, 10.46%, 104, 10, 18, 1876.60
1614333817, 27, 836, 2873, 964, 0, 10.46%, 104, 10, 18, 1853.46
1614333822, 27, 885, 2873, 962, 0, 10.46%, 104, 10, 18, 2390.25
1614333827, 27, 1002, 2873, 960, 0, 10.46%, 104, 10, 18, 2980.00
1614333832, 27, 1056, 2873, 958, 0, 10.46%, 104, 10, 18, 1390.00
1614333837, 27, 1153, 2874, 956, 0, 10.46%, 104, 10, 18, 1694.12
1614333842, 27, 1222, 2874, 951, 0, 10.46%, 104, 10, 18, 1836.41
1614333848, 27, 1273, 2874, 951, 0, 10.46%, 104, 10, 18, 79.23
1614333853, 27, 1308, 2874, 945, 0, 10.46%, 104, 10, 18, 1906.46
1614333858, 27, 1326, 2876, 946, 0, 10.46%, 104, 10, 18, 1599.27
1614333863, 27, 2033, 2876, 943, 1, 10.46%, 104, 10, 18, 2212.18
1614333868, 27, 2336, 2876, 942, 1, 10.46%, 104, 10, 18, 1838.28
1614333873, 27, 2404, 2878, 943, 1, 10.46%, 104, 10, 18, 2195.09
1614333879, 27, 2475, 2878, 941, 1, 10.46%, 104, 10, 18, 1539.50
1614333884, 27, 2490, 2878, 941, 1, 10.46%, 104, 10, 18, 540.61
1614333889, 27, 2575, 2878, 940, 1, 10.46%, 104, 10, 18, 35.64
1614333915, 27, 2764, 2878, 938, 1, 10.46%, 104, 10, 18, 100.26
1614333920, 27, 2831, 2878, 936, 1, 10.46%, 104, 10, 18, 2307.18
1614333925, 27, 2876, 2878, 933, 0, 10.46%, 104, 10, 18, 61.78
1614333940, 28, 21, 2878, 932, 0, 10.46%, 104, 10, 18, 1535.43
1614333945, 28, 65, 2878, 932, 0, 10.46%, 105, 10, 18, 1560.95
1614333950, 28, 176, 2878, 932, 0, 10.46%, 105, 10, 18, 1979.83
1614333955, 28, 315, 2878, 930, 0, 10.46%, 105, 10, 18, 1645.41
1614333961, 28, 440, 2880, 931, 0, 10.46%, 105, 10, 18, 1135.00
1614333966, 28, 601, 2880, 928, 0, 10.46%, 105, 10, 18, 2063.61
1614333971, 28, 639, 2880, 928, 0, 10.46%, 105, 10, 18, 1667.62
1614333976, 28, 659, 2880, 928, 0, 10.46%, 105, 10, 18, 16.33
1614333981, 28, 792, 2880, 927, 0, 10.46%, 105, 10, 18, 1515.45
1614333986, 28, 873, 2880, 926, 0, 10.46%, 105, 10, 18, 2722.35
1614333992, 28, 922, 2880, 925, 0, 10.46%, 105, 10, 18, 338.69
1614333997, 28, 1158, 2881, 925, 1, 10.46%, 105, 10, 18, 127.96
1614334002, 28, 2083, 2881, 921, 1, 10.46%, 105, 10, 18, 1716.24
1614334007, 28, 2235, 2882, 921, 1, 10.46%, 105, 10, 18, 19.17
1614334012, 28, 2420, 2882, 920, 1, 10.46%, 105, 10, 18, 65.20
1614334042, 28, 2608, 2883, 918, 1, 10.46%, 105, 10, 18, 1630.12
1614334048, 29, 10, 2883, 915, 0, 10.46%, 105, 10, 18, 393.44
1614334053, 29, 1751, 2884, 916, 1, 10.46%, 105, 10, 18, 1935.12
1614334058, 29, 2025, 2885, 917, 2, 10.46%, 105, 10, 18, 2074.43
1614334068, 29, 2061, 2885, 916, 2, 10.46%, 105, 10, 18, 42.40
1614334109, 29, 2180, 2885, 915, 2, 10.46%, 105, 10, 18, 1244.30
1614334114, 29, 2527, 2885, 913, 2, 10.46%, 105, 10, 18, 1736.30
1614334119, 29, 2743, 2886, 912, 2, 10.46%, 105, 10, 18, 779.34
1614334124, 29, 2829, 2886, 911, 3, 10.46%, 106, 10, 18, 832.64
1614334129, 29, 2885, 2887, 910, 1, 10.46%, 106, 10, 18, 134.41
1614334134, 30, 43, 2887, 908, 0, 10.46%, 106, 10, 18, 1351.35
1614334139, 30, 105, 2887, 908, 0, 10.46%, 106, 10, 18, 17.16
1614334145, 30, 856, 2889, 910, 1, 10.46%, 106, 10, 18, 1262.51
1614334150, 30, 1501, 2889, 909, 1, 10.46%, 107, 10, 18, 1459.94
1614334155, 30, 1900, 2889, 907, 1, 10.46%, 107, 10, 18, 359.62
1614334160, 30, 2327, 2889, 903, 1, 10.46%, 107, 10, 18, 388.24
1614334165, 30, 2356, 2889, 903, 1, 10.46%, 107, 10, 18, 39.68
1614334170, 30, 2544, 2890, 902, 1, 10.46%, 107, 10, 18, 2840.00
1614334181, 30, 2573, 2891, 902, 1, 10.46%, 107, 10, 18, 1568.45
1614334207, 30, 2639, 2891, 901, 1, 10.46%, 107, 10, 18, 15.12
1614334339, 30, 2639, 2892, 902, 1, 10.46%, 107, 10, 18, 19.06
1614334349, 30, 2653, 2892, 901, 1, 10.46%, 107, 10, 18, 388.35
1614334360, 30, 2680, 2892, 900, 1, 10.46%, 107, 10, 18, 16.69
1614334436, 30, 2888, 2892, 899, 1, 10.46%, 107, 10, 18, 2515.24
1614334441, 31, 47, 2892, 897, 0, 10.46%, 107, 10, 18, 1082.32
1614334446, 31, 105, 2892, 897, 0, 10.46%, 107, 10, 18, 66.08
1614334451, 31, 267, 2892, 897, 0, 10.46%, 107, 10, 18, 1445.33
1614334456, 31, 366, 2892, 897, 0, 10.46%, 107, 10, 18, 1660.65
1614334462, 31, 502, 2892, 897, 0, 10.46%, 107, 10, 18, 194.75
1614334467, 31, 631, 2894, 897, 0, 10.46%, 107, 10, 18, 1631.76
1614334472, 31, 1051, 2895, 898, 1, 10.46%, 107, 10, 18, 2397.45
1614334477, 31, 1637, 2896, 896, 1, 10.46%, 107, 10, 18, 1438.55
1614334482, 31, 1761, 2896, 896, 1, 10.46%, 107, 10, 18, 18.32
1614334488, 31, 1940, 2896, 893, 1, 10.46%, 107, 10, 18, 1900.24
1614334493, 32, 21, 2896, 890, 0, 10.46%, 107, 10, 18, 2490.69
1614334498, 32, 98, 2897, 891, 0, 10.46%, 107, 10, 18, 18.79
1614334503, 32, 226, 2898, 892, 0, 10.46%, 107, 10, 18, 23.62
1614334508, 32, 339, 2898, 892, 0, 10.46%, 107, 10, 18, 1818.65
1614334513, 32, 393, 2898, 892, 0, 10.46%, 107, 10, 18, 130.23
1614334518, 32, 505, 2898, 890, 0, 10.46%, 107, 10, 18, 1166.79
1614334523, 32, 1545, 2899, 887, 1, 10.48%, 107, 10, 18, 2615.14
1614334528, 32, 2196, 2900, 886, 1, 10.48%, 107, 10, 18, 1251.58
1614334534, 32, 2211, 2900, 885, 1, 10.48%, 107, 10, 18, 742.27
1614334539, 32, 2516, 2900, 884, 1, 10.48%, 107, 10, 18, 216.92
1614334544, 32, 2708, 2900, 884, 1, 10.48%, 107, 10, 18, 863.86
1614334662, 32, 2898, 2900, 882, 1, 10.48%, 107, 10, 18, 2567.87
1614334667, 33, 44, 2900, 881, 0, 10.48%, 107, 10, 18, 1481.37
1614334672, 33, 117, 2900, 881, 0, 10.48%, 107, 10, 18, 356.32
1614334677, 33, 213, 2900, 880, 0, 10.48%, 107, 10, 18, 498.15
1614334682, 33, 303, 2900, 880, 0, 10.48%, 107, 10, 18, 2510.32
1614334687, 33, 394, 2900, 879, 0, 10.48%, 107, 10, 18, 1621.36
1614334693, 33, 557, 2900, 879, 0, 10.48%, 107, 10, 18, 22.01
1614334698, 33, 634, 2901, 880, 0, 10.48%, 107, 10, 18, 1516.44
1614334703, 33, 721, 2901, 880, 0, 10.48%, 107, 10, 18, 2130.43
1614334709, 33, 804, 2901, 879, 0, 10.48%, 107, 10, 18, 23.08
1614334714, 33, 859, 2901, 879, 0, 10.48%, 107, 10, 18, 266.60
1614334720, 33, 981, 2901, 877, 0, 10.48%, 108, 10, 18, 20.61
1614334725, 33, 1054, 2901, 876, 0, 10.48%, 108, 10, 18, 424.59
1614334731, 33, 1147, 2901, 875, 0, 10.48%, 108, 10, 18, 107.04
1614334736, 33, 1217, 2901, 872, 0, 10.48%, 108, 10, 18, 2015.04
1614334741, 33, 1264, 2901, 870, 0, 10.48%, 108, 10, 18, 1766.49
1614334747, 33, 1296, 2901, 868, 0, 10.48%, 108, 10, 18, 14.30
1614334752, 33, 1828, 2903, 867, 1, 10.48%, 108, 10, 18, 2481.34
1614334757, 33, 1913, 2904, 867, 1, 10.48%, 108, 10, 18, 26.45
1614334763, 33, 1989, 2904, 865, 1, 10.48%, 108, 10, 18, 140.81
1614334768, 33, 2145, 2904, 865, 1, 10.48%, 108, 10, 18, 991.15
1614334773, 33, 2335, 2904, 863, 1, 10.48%, 108, 10, 18, 1448.42
1614334778, 33, 2431, 2904, 861, 1, 10.48%, 108, 10, 18, 1836.20
1614334784, 33, 2683, 2904, 860, 1, 10.48%, 108, 10, 18, 197.55
1614334794, 33, 2848, 2905, 858, 1, 10.48%, 108, 10, 18, 223.64
1614334799, 34, 21, 2906, 855, 0, 10.48%, 108, 10, 18, 2246.53
1614334805, 34, 65, 2906, 855, 0, 10.48%, 108, 10, 18, 17.84
1614334810, 34, 131, 2906, 855, 0, 10.48%, 108, 10, 18, 85.37
1614334815, 34, 245, 2906, 854, 0, 10.48%, 108, 10, 18, 865.48
1614334820, 34, 356, 2906, 854, 0, 10.48%, 108, 10, 18, 954.00
1614334825, 34, 482, 2906, 854, 0, 10.48%, 108, 10, 18, 1658.03
1614334830, 34, 592, 2906, 854, 0, 10.48%, 108, 10, 18, 2018.01
1614334836, 34, 690, 2906, 854, 0, 10.48%, 108, 10, 18, 439.67
1614334841, 34, 807, 2906, 853, 0, 10.48%, 108, 10, 18, 2780.69
1614334846, 34, 872, 2907, 854, 0, 10.48%, 108, 10, 18, 1799.03
1614334851, 34, 962, 2908, 854, 0, 10.48%, 108, 10, 18, 2733.67
1614334856, 34, 1041, 2909, 854, 0, 10.48%, 108, 10, 18, 1695.18
1614334861, 34, 1118, 2909, 853, 0, 10.48%, 108, 10, 18, 2723.51
1614334866, 34, 1219, 2909, 852, 0, 10.48%, 108, 10, 18, 250.56
1614334872, 34, 1266, 2909, 851, 0, 10.48%, 108, 10, 18, 294.87
1614334877, 34, 1314, 2909, 850, 0, 10.48%, 108, 10, 18, 2272.87
1614334882, 34, 1355, 2910, 847, 0, 10.48%, 108, 10, 18, 2319.47
1614334887, 34, 1385, 2910, 844, 0, 10.48%, 108, 10, 18, 2832.71
1614334892, 34, 1410, 2910, 842, 0, 10.48%, 108, 10, 18, 2945.27
1614334897, 34, 1433, 2910, 838, 0, 10.48%, 108, 10, 18, 2473.23
1614334902, 34, 1446, 2910, 836, 0, 10.48%, 108, 10, 18, 2161.75
1614334907, 34, 1467, 2911, 833, 0, 10.48%, 108, 10, 18, 2678.52
1614334912, 34, 1489, 2911, 832, 0, 10.48%, 108, 10, 18, 1843.48
1614334917, 34, 1503, 2911, 829, 0, 10.48%, 108, 10, 18, 2342.09
1614334923, 34, 1510, 2911, 829, 0, 10.48%, 108, 10, 18, 16.23
1614334928, 34, 1550, 2912, 827, 0, 10.48%, 108, 10, 18, 1658.14
1614334933, 34, 1559, 2912, 824, 0, 10.48%, 108, 10, 18, 165.14
1614334938, 34, 1694, 2913, 821, 1, 10.49%, 108, 10, 18, 2377.58
1614334943, 34, 2101, 2913, 820, 1, 10.49%, 108, 10, 18, 2251.97
1614334948, 34, 2304, 2913, 819, 1, 10.49%, 108, 10, 18, 1334.90
1614334953, 34, 2515, 2913, 816, 1, 10.49%, 108, 10, 18, 67.44
1614334958, 34, 2542, 2913, 816, 1, 10.49%, 108, 10, 18, 1065.14
1614334963, 34, 2737, 2913, 815, 1, 10.49%, 108, 10, 18, 2310.80
1614334969, 35, 27, 2913, 811, 0, 10.49%, 108, 10, 18, 62.02
1614334974, 35, 100, 2913, 811, 0, 10.49%, 108, 10, 18, 1556.12
1614334979, 35, 251, 2913, 811, 0, 10.49%, 108, 10, 18, 613.92
1614334984, 35, 338, 2913, 811, 0, 10.49%, 108, 10, 18, 910.31
1614334989, 35, 429, 2913, 811, 0, 10.49%, 108, 10, 18, 1561.81
1614334994, 35, 557, 2913, 811, 0, 10.49%, 108, 10, 18, 1235.26
1614334999, 35, 681, 2913, 811, 0, 10.49%, 108, 10, 18, 2092.68
1614335004, 35, 807, 2913, 811, 0, 10.49%, 108, 10, 18, 1660.59
1614335009, 35, 865, 2914, 811, 0, 10.49%, 108, 10, 18, 727.72
1614335015, 35, 962, 2914, 811, 0, 10.49%, 108, 10, 18, 267.81
1614335020, 35, 1083, 2914, 811, 0, 10.49%, 108, 10, 18, 173.08
1614335026, 35, 1171, 2915, 812, 0, 10.49%, 108, 10, 18, 995.00
1614335031, 35, 1242, 2915, 812, 0, 10.49%, 108, 10, 18, 1378.83
1614335036, 35, 1315, 2915, 812, 0, 10.49%, 108, 10, 18, 1393.98
1614335043, 35, 1355, 2915, 811, 0, 10.49%, 108, 10, 18, 16.27
1614335048, 35, 1393, 2915, 810, 0, 10.49%, 108, 10, 18, 2069.73
1614335053, 35, 1427, 2917, 810, 0, 10.49%, 109, 10, 18, 1189.66
1614335061, 35, 1447, 2917, 809, 0, 10.49%, 109, 10, 18, 98.26
1614335066, 35, 1507, 2917, 808, 0, 10.49%, 109, 10, 18, 2639.78
1614335071, 35, 1535, 2918, 807, 0, 10.49%, 109, 10, 18, 1646.63
1614335076, 35, 1546, 2918, 805, 0, 10.49%, 109, 10, 18, 1605.55
1614335081, 35, 1563, 2920, 806, 0, 10.49%, 109, 10, 18, 13.90
1614335092, 35, 1599, 2921, 805, 0, 10.49%, 109, 10, 18, 1630.75
1614335097, 35, 1618, 2922, 804, 0, 10.49%, 109, 10, 18, 1741.50
1614335102, 35, 1650, 2924, 801, 0, 10.49%, 109, 10, 18, 2073.28
1614335107, 35, 1693, 2924, 797, 0, 10.49%, 110, 10, 18, 2041.90
1614335112, 35, 1713, 2924, 796, 0, 10.49%, 110, 10, 18, 1766.35
1614335118, 35, 1752, 2925, 794, 0, 10.49%, 110, 10, 18, 296.98
1614335123, 35, 1771, 2925, 791, 0, 10.49%, 110, 10, 18, 1914.14
1614335128, 35, 1780, 2925, 789, 0, 10.49%, 110, 10, 18, 1111.06
1614335133, 35, 1786, 2925, 787, 0, 10.49%, 110, 10, 18, 2554.55
1614335138, 35, 1787, 2925, 786, 0, 10.49%, 110, 10, 18, 189.59
1614335143, 35, 1801, 2925, 783, 0, 10.49%, 110, 10, 18, 2505.31
1614335148, 35, 1832, 2925, 779, 0, 10.49%, 110, 10, 18, 1484.94
1614335153, 35, 1852, 2925, 776, 0, 10.49%, 110, 10, 18, 2021.93
1614335158, 35, 1856, 2926, 776, 0, 10.49%, 110, 10, 18, 169.17
1614335163, 35, 1880, 2927, 775, 0, 10.49%, 110, 10, 18, 93.85
1614335168, 35, 1890, 2927, 773, 0, 10.49%, 110, 10, 18, 1012.11
1614335174, 35, 1907, 2927, 771, 0, 10.49%, 111, 10, 18, 1091.61
1614335179, 35, 1931, 2927, 770, 0, 10.49%, 111, 10, 18, 135.92
1614335184, 35, 1935, 2928, 770, 0, 10.49%, 111, 10, 18, 1911.53
1614335189, 35, 1996, 2929, 768, 1, 10.49%, 111, 10, 18, 1947.62
1614335194, 35, 2204, 2930, 768, 1, 10.49%, 111, 10, 18, 492.19
1614335200, 35, 2400, 2931, 769, 1, 10.49%, 111, 10, 18, 1085.55
1614335205, 35, 2682, 2931, 767, 1, 10.49%, 111, 10, 18, 245.69
1614335210, 35, 2861, 2931, 765, 1, 10.49%, 111, 10, 18, 1305.52
1614335215, 36, 1, 2934, 765, 0, 10.49%, 111, 10, 18, 868.75
1614335220, 36, 44, 2934, 765, 0, 10.49%, 111, 10, 18, 812.13
1614335226, 36, 85, 2934, 765, 0, 10.49%, 111, 10, 18, 1413.93
1614335231, 36, 134, 2934, 765, 0, 10.49%, 111, 10, 18, 760.39
1614335236, 36, 236, 2934, 765, 0, 10.49%, 111, 10, 18, 2010.92
1614335241, 36, 291, 2935, 766, 0, 10.49%, 111, 10, 18, 1546.39
1614335246, 36, 398, 2935, 766, 0, 10.49%, 111, 10, 18, 103.76
1614335252, 36, 587, 2936, 767, 0, 10.49%, 111, 10, 18, 314.16
1614335257, 36, 639, 2936, 767, 0, 10.49%, 111, 10, 18, 315.92
1614335262, 36, 1440, 2937, 768, 1, 10.49%, 111, 10, 18, 102.59
1614335267, 36, 1746, 2937, 766, 1, 10.49%, 111, 10, 18, 1629.61
1614335272, 36, 2021, 2937, 765, 1, 10.49%, 111, 10, 18, 100.56
1614335277, 36, 2415, 2937, 763, 1, 10.49%, 111, 10, 18, 1669.65
1614335282, 36, 2445, 2937, 763, 1, 10.49%, 111, 10, 18, 21.34
1614335308, 36, 2539, 2937, 762, 1, 10.49%, 111, 10, 18, 168.93
1614335313, 36, 2576, 2937, 761, 1, 10.49%, 111, 10, 18, 81.79
1614335318, 36, 2624, 2937, 761, 1, 10.49%, 111, 10, 18, 21.49
1614335374, 36, 2625, 2937, 760, 1, 10.49%, 111, 10, 18, 273.97
1614335431, 36, 2625, 2937, 760, 1, 10.49%, 112, 10, 18, 31.12
1614335436, 36, 2936, 2937, 759, 1, 10.49%, 112, 10, 18, 199.40
1614335441, 37, 65, 2937, 758, 0, 10.49%, 112, 10, 18, 2637.27
1614335447, 37, 133, 2937, 758, 0, 10.49%, 112, 10, 18, 2488.18
1614335452, 37, 251, 2937, 758, 0, 10.49%, 112, 10, 18, 1530.34
1614335457, 37, 393, 2937, 758, 0, 10.49%, 112, 10, 18, 1484.28
1614335462, 37, 543, 2937, 758, 0, 10.49%, 112, 10, 18, 2497.40
1614335467, 37, 639, 2937, 757, 0, 10.49%, 112, 10, 18, 1612.23
1614335472, 37, 698, 2937, 757, 0, 10.49%, 112, 10, 18, 134.78
1614335477, 37, 777, 2937, 756, 0, 10.49%, 112, 10, 18, 230.84
1614335483, 37, 881, 2937, 755, 0, 10.49%, 112, 10, 18, 1783.53
1614335488, 37, 922, 2937, 755, 0, 10.49%, 112, 10, 18, 68.28
1614335493, 37, 996, 2937, 755, 0, 10.49%, 112, 10, 18, 482.50
1614335498, 37, 1052, 2937, 755, 0, 10.49%, 112, 10, 18, 2420.56
1614335503, 37, 1198, 2939, 755, 0, 10.49%, 112, 10, 18, 2369.21
1614335508, 37, 1282, 2939, 754, 0, 10.49%, 112, 10, 18, 2092.43
1614335513, 37, 1325, 2939, 752, 0, 10.49%, 112, 10, 18, 1641.43
1614335518, 37, 1380, 2939, 752, 0, 10.49%, 112, 10, 18, 2114.39
1614335524, 37, 1396, 2939, 751, 0, 10.49%, 112, 10, 18, 2480.72
1614335529, 37, 1772, 2940, 752, 1, 10.49%, 113, 10, 18, 2126.43
1614335534, 37, 2252, 2940, 751, 1, 10.49%, 113, 10, 18, 408.49
1614335539, 37, 2801, 2940, 747, 1, 10.49%, 113, 10, 18, 2099.03
1614335544, 37, 2939, 2940, 745, 1, 10.49%, 113, 10, 18, 2517.75
1614335549, 38, 27, 2940, 744, 0, 10.49%, 113, 10, 18, 2392.52
1614335554, 38, 88, 2940, 744, 0, 10.49%, 113, 10, 18, 1130.45
1614335559, 38, 167, 2940, 744, 0, 10.49%, 113, 10, 18, 2055.00
1614335564, 38, 325, 2940, 744, 0, 10.49%, 113, 10, 18, 1550.35
1614335569, 38, 383, 2940, 744, 0, 10.49%, 113, 10, 18, 530.00
1614335574, 38, 502, 2940, 744, 0, 10.49%, 113, 10, 18, 940.92
1614335580, 38, 626, 2940, 744, 0, 10.49%, 113, 10, 18, 2044.36
1614335585, 38, 721, 2940, 744, 0, 10.49%, 113, 10, 18, 2869.45
1614335590, 38, 859, 2940, 743, 0, 10.49%, 113, 10, 18, 2027.78
1614335595, 38, 947, 2940, 743, 0, 10.49%, 113, 10, 18, 2740.00
1614335600, 38, 1042, 2940, 743, 0, 10.49%, 113, 10, 18, 1923.58
1614335605, 38, 1113, 2941, 743, 1, 10.49%, 113, 10, 18, 994.63
1614335611, 38, 1464, 2941, 742, 1, 10.49%, 113, 10, 18, 10.20
1614335616, 38, 1521, 2942, 742, 1, 10.49%, 113, 10, 18, 1307.06
1614335621, 38, 2049, 2942, 740, 1, 10.49%, 113, 10, 18, 1386.84
1614335626, 38, 2583, 2943, 739, 1, 10.49%, 113, 10, 18, 2044.33
1614335632, 38, 2812, 2944, 739, 2, 10.49%, 113, 10, 18, 79.88
1614335637, 38, 2940, 2945, 738, 2, 10.49%, 113, 10, 18, 1705.68
1614335642, 38, 2944, 2945, 736, 0, 10.49%, 113, 10, 18, 27.79
1614335647, 39, 85, 2945, 735, 0, 10.49%, 113, 10, 18, 2601.64
1614335652, 39, 129, 2945, 735, 0, 10.49%, 113, 10, 18, 1173.69
1614335657, 39, 251, 2945, 734, 0, 10.49%, 113, 10, 18, 410.00
1614335663, 39, 320, 2945, 734, 0, 10.49%, 113, 10, 18, 27.83
1614335668, 39, 456, 2945, 734, 0, 10.49%, 113, 10, 18, 624.02
1614335673, 39, 601, 2946, 735, 0, 10.49%, 113, 10, 18, 111.61
1614335678, 39, 698, 2946, 735, 0, 10.49%, 113, 10, 18, 1300.88
1614335683, 39, 801, 2946, 735, 0, 10.49%, 113, 10, 18, 2259.31
1614335688, 39, 901, 2946, 735, 0, 10.49%, 113, 10, 18, 808.68
1614335693, 39, 1004, 2946, 735, 0, 10.49%, 113, 10, 18, 2222.77
1614335698, 39, 1102, 2946, 735, 0, 10.49%, 113, 10, 18, 1454.96
1614335704, 39, 1146, 2946, 735, 0, 10.49%, 113, 10, 18, 28.02
1614335709, 39, 1191, 2946, 733, 0, 10.49%, 113, 10, 18, 1426.26
1614335715, 39, 1266, 2948, 734, 0, 10.49%, 113, 10, 18, 1268.00
1614335720, 39, 1312, 2948, 733, 0, 10.49%, 113, 10, 18, 1041.86
1614335725, 39, 1325, 2948, 732, 0, 10.49%, 113, 10, 18, 17.76
1614335730, 39, 1361, 2948, 731, 0, 10.49%, 113, 10, 18, 1261.72
1614335735, 39, 1418, 2948, 730, 0, 10.49%, 113, 10, 18, 2328.79
1614335740, 39, 1452, 2948, 730, 0, 10.49%, 113, 10, 18, 2119.95
1614335746, 39, 1880, 2951, 733, 1, 10.49%, 113, 10, 18, 2638.69
1614335751, 39, 2376, 2952, 734, 2, 10.49%, 113, 10, 18, 553.77
1614335756, 39, 2935, 2953, 733, 3, 10.50%, 114, 10, 18, 47.88
1614335761, 39, 2946, 2953, 732, 3, 10.50%, 114, 10, 18, 102.74
1614335782, 39, 2948, 2954, 732, 3, 10.50%, 114, 10, 18, 1747.85
1614335787, 39, 2952, 2954, 730, 2, 10.50%, 114, 10, 18, 113.18
1614335797, 39, 2952, 2962, 738, 2, 10.50%, 114, 10, 18, 237.13
1614335802, 39, 2956, 2963, 737, 3, 10.50%, 114, 10, 18, 114.37
1614335812, 39, 2956, 2964, 738, 3, 10.50%, 114, 10, 18, 217.72
1614335817, 39, 2957, 2964, 737, 2, 10.50%, 114, 10, 18, 247.11
1614335838, 39, 2957, 2965, 738, 2, 10.50%, 114, 10, 18, 142.93
1614335843, 39, 2964, 2969, 741, 4, 10.51%, 114, 10, 18, 380.19
1614335853, 39, 2964, 2970, 742, 4, 10.52%, 114, 10, 18, 155.17
1614335864, 39, 2965, 2970, 741, 4, 10.52%, 114, 10, 18, 81.27
1614335879, 39, 2965, 2971, 742, 4, 10.52%, 114, 10, 18, 103.18
1614335884, 39, 2965, 2977, 748, 4, 10.53%, 114, 10, 18, 188.75
1614335890, 39, 2968, 2978, 748, 7, 10.53%, 114, 10, 18, 109.44
1614335905, 39, 2969, 2979, 748, 6, 10.53%, 114, 10, 18, 113.69
1614335915, 39, 2973, 2979, 747, 5, 10.53%, 114, 10, 18, 1555.69
1614335940, 39, 2973, 2982, 750, 5, 10.53%, 114, 10, 18, 202.58
1614335945, 39, 2974, 2984, 751, 5, 10.53%, 114, 10, 18, 97.12
1614335961, 39, 2974, 2986, 753, 5, 10.53%, 114, 10, 18, 177.26
1614335966, 39, 2974, 2990, 757, 5, 10.53%, 114, 10, 18, 114.75
1614335971, 39, 2976, 2994, 760, 4, 10.53%, 114, 10, 18, 103.97
1614335992, 39, 2980, 2999, 764, 3, 10.53%, 114, 10, 18, 84.55
1614336013, 39, 2980, 3000, 765, 3, 10.53%, 114, 10, 19, 201.51
1614336018, 39, 2981, 3000, 764, 2, 10.53%, 114, 10, 19, 86.00
1614336038, 39, 2985, 3000, 763, 1, 10.53%, 114, 10, 19, 1228.55
1614336059, 39, 2992, 3003, 765, 0, 10.53%, 114, 10, 19, 159.47
1614336074, 39, 2992, 3004, 766, 0, 10.53%, 114, 10, 19, 106.43
1614336089, 39, 2995, 3004, 765, 0, 10.53%, 114, 10, 19, 160.02
1614336120, 39, 2995, 3007, 768, 0, 10.53%, 114, 10, 19, 116.73
1614336125, 39, 2995, 3009, 770, 0, 10.53%, 114, 10, 19, 143.79
1614336130, 39, 3006, 3009, 769, 1, 10.53%, 114, 10, 19, 61.22
1614336161, 39, 3006, 3010, 770, 1, 10.53%, 114, 10, 20, 120.79
1614336166, 39, 3006, 3012, 772, 1, 10.53%, 114, 10, 20, 2552.18
1614336171, 39, 3009, 3012, 771, 1, 10.53%, 114, 10, 20, 83.47
1614336196, 39, 3009, 3016, 775, 1, 10.54%, 114, 10, 21, 151.12
1614336201, 39, 3009, 3017, 776, 1, 10.54%, 114, 10, 21, 1905.00
1614336206, 39, 3014, 3017, 775, 2, 10.54%, 114, 10, 21, 73.70
1614336237, 39, 3015, 3017, 774, 1, 10.54%, 114, 10, 21, 109.57
1614336268, 40, 69, 3018, 774, 0, 10.54%, 114, 10, 21, 2005.45
1614336273, 40, 131, 3018, 774, 0, 10.54%, 114, 10, 21, 1938.86
1614336278, 40, 277, 3019, 775, 1, 10.54%, 114, 10, 21, 1445.10
1614336283, 40, 1079, 3019, 775, 1, 10.54%, 114, 10, 21, 1664.77
1614336289, 40, 1524, 3019, 775, 1, 10.54%, 114, 10, 21, 44.47
1614336294, 40, 2143, 3019, 774, 1, 10.54%, 114, 10, 21, 1846.66
1614336299, 40, 2394, 3019, 773, 1, 10.54%, 114, 10, 21, 802.18
1614336304, 40, 2569, 3019, 771, 1, 10.54%, 114, 10, 21, 1905.97
1614336309, 40, 2721, 3020, 771, 1, 10.54%, 114, 10, 21, 828.62
1614336314, 40, 2993, 3020, 768, 1, 10.54%, 114, 10, 21, 141.52
1614336340, 40, 2993, 3022, 770, 1, 10.54%, 114, 10, 21, 1623.37
1614336345, 40, 3012, 3022, 769, 1, 10.54%, 114, 10, 21, 120.74
1614336360, 40, 3018, 3026, 772, 1, 10.54%, 114, 10, 21, 1324.33
1614336365, 40, 3024, 3026, 769, 0, 10.54%, 114, 10, 21, 1350.70
1614336371, 41, 55, 3028, 770, 0, 10.54%, 114, 10, 21, 1459.57
1614336376, 41, 109, 3030, 772, 0, 10.54%, 114, 10, 21, 21.58
1614336381, 41, 263, 3030, 772, 0, 10.54%, 114, 10, 21, 353.14
1614336386, 41, 367, 3030, 772, 0, 10.54%, 114, 10, 21, 1890.45
1614336391, 41, 532, 3030, 772, 0, 10.54%, 114, 10, 21, 2228.44
1614336396, 41, 628, 3032, 774, 0, 10.54%, 114, 10, 21, 1548.96
1614336401, 41, 702, 3033, 775, 0, 10.54%, 114, 10, 21, 1691.84
1614336406, 41, 800, 3033, 775, 0, 10.54%, 114, 10, 21, 1268.06
1614336411, 41, 883, 3033, 775, 0, 10.54%, 114, 10, 21, 1601.38
1614336417, 41, 1042, 3033, 775, 0, 10.54%, 114, 10, 21, 1709.49
1614336422, 41, 1153, 3033, 775, 0, 10.54%, 114, 10, 21, 1651.68
1614336428, 41, 1207, 3033, 775, 0, 10.54%, 114, 10, 21, 144.83
1614336433, 41, 1274, 3033, 775, 0, 10.54%, 114, 10, 21, 1907.18
1614336438, 41, 1318, 3033, 774, 0, 10.54%, 114, 10, 21, 1617.63
1614336443, 41, 1336, 3033, 772, 0, 10.54%, 114, 10, 21, 1560.67
1614336448, 41, 1341, 3033, 771, 0, 10.54%, 114, 10, 21, 18.12
1614336453, 41, 1360, 3033, 770, 0, 10.54%, 114, 10, 21, 1451.16
1614336459, 41, 1384, 3033, 769, 0, 10.54%, 114, 10, 21, 1848.14
1614336464, 41, 1402, 3033, 769, 0, 10.54%, 114, 10, 21, 210.35
1614336469, 41, 1595, 3036, 771, 1, 10.54%, 114, 10, 21, 2341.92
1614336474, 41, 2017, 3036, 770, 1, 10.54%, 114, 10, 21, 2246.05
1614336480, 41, 2356, 3036, 767, 1, 10.54%, 114, 10, 21, 2657.71
1614336485, 41, 2427, 3036, 766, 1, 10.54%, 114, 10, 21, 1401.47
1614336490, 41, 2489, 3036, 765, 1, 10.54%, 114, 10, 21, 259.63
1614336495, 41, 2538, 3036, 764, 1, 10.54%, 114, 10, 21, 68.29
1614336500, 41, 2734, 3036, 762, 1, 10.54%, 114, 10, 21, 2515.00
1614336505, 41, 2867, 3036, 761, 1, 10.54%, 114, 10, 21, 30.96
1614336510, 41, 3035, 3037, 759, 0, 10.54%, 114, 10, 21, 2188.23
1614336515, 42, 422, 3038, 759, 1, 10.54%, 114, 10, 21, 991.30
1614336520, 42, 1838, 3039, 759, 1, 10.54%, 114, 10, 21, 1768.44
1614336526, 42, 1844, 3039, 759, 1, 10.54%, 114, 10, 21, 23.30
1614336531, 42, 2221, 3039, 757, 1, 10.54%, 114, 10, 21, 1670.38
1614336536, 42, 2613, 3039, 756, 1, 10.54%, 114, 10, 21, 19.69
1614336597, 42, 2730, 3039, 755, 1, 10.54%, 114, 10, 21, 14.87
1614336731, 42, 2888, 3039, 753, 1, 10.54%, 114, 10, 21, 1935.50
1614336736, 43, 43, 3040, 753, 0, 10.54%, 114, 10, 21, 1521.22
1614336741, 43, 117, 3040, 753, 0, 10.54%, 114, 10, 21, 1435.40
1614336746, 43, 226, 3040, 753, 0, 10.54%, 114, 10, 21, 1240.55
1614336751, 43, 316, 3040, 753, 0, 10.54%, 114, 10, 21, 1569.40
1614336757, 43, 413, 3040, 753, 0, 10.54%, 114, 10, 21, 2156.58
1614336762, 43, 472, 3041, 754, 0, 10.54%, 114, 10, 21, 1061.42
1614336767, 43, 604, 3041, 754, 0, 10.54%, 114, 10, 21, 1600.90
1614336772, 43, 698, 3041, 754, 0, 10.54%, 114, 10, 21, 1878.67
1614336777, 43, 1824, 3043, 756, 1, 10.56%, 114, 10, 21, 1915.89
1614336782, 43, 2162, 3043, 754, 1, 10.56%, 114, 10, 21, 2000.00
1614336787, 43, 2668, 3043, 754, 1, 10.56%, 114, 10, 21, 407.13
1614336792, 43, 2699, 3044, 754, 1, 10.56%, 114, 10, 21, 2754.90
1614336798, 43, 3041, 3044, 752, 1, 10.56%, 114, 10, 21, 177.52
1614336808, 43, 3043, 3045, 752, 0, 10.56%, 114, 10, 21, 943.68
1614336813, 44, 55, 3045, 751, 0, 10.56%, 114, 10, 21, 1159.46
1614336818, 44, 117, 3045, 751, 0, 10.56%, 114, 10, 21, 1615.26
1614336823, 44, 224, 3045, 751, 0, 10.56%, 114, 10, 21, 17.06
1614336828, 44, 288, 3045, 751, 0, 10.56%, 114, 10, 21, 19.28
1614336834, 44, 384, 3046, 752, 0, 10.56%, 114, 10, 21, 728.24
1614336839, 44, 539, 3046, 752, 0, 10.56%, 114, 10, 21, 1342.47
1614336844, 44, 601, 3046, 752, 0, 10.56%, 114, 10, 21, 359.39
1614336849, 44, 643, 3046, 752, 0, 10.56%, 114, 10, 21, 1465.14
1614336854, 44, 743, 3046, 752, 0, 10.56%, 115, 10, 21, 1001.06
1614336859, 44, 885, 3047, 753, 0, 10.56%, 115, 10, 21, 1733.17
1614336864, 44, 932, 3047, 753, 0, 10.56%, 115, 10, 21, 1961.09
1614336869, 44, 1051, 3047, 752, 0, 10.56%, 115, 10, 21, 812.14
1614336874, 44, 1155, 3048, 753, 0, 10.56%, 115, 10, 21, 1121.93
1614336880, 44, 1238, 3049, 754, 0, 10.56%, 115, 10, 21, 2159.98
1614336885, 44, 1288, 3050, 754, 0, 10.56%, 115, 10, 21, 1546.47
1614336890, 44, 1325, 3050, 753, 0, 10.56%, 115, 10, 21, 3000.00
1614336895, 44, 1374, 3050, 753, 0, 10.56%, 115, 10, 21, 2515.37
1614336900, 44, 1398, 3050, 753, 0, 10.56%, 115, 10, 21, 2279.11
1614336905, 44, 1456, 3050, 752, 0, 10.56%, 115, 10, 21, 2888.98
1614336911, 44, 1495, 3050, 749, 0, 10.56%, 115, 10, 21, 2556.67
1614336916, 44, 1509, 3050, 747, 0, 10.56%, 115, 10, 21, 1864.68
1614336921, 44, 1558, 3050, 746, 0, 10.56%, 115, 10, 21, 2035.88
1614336926, 44, 1581, 3050, 745, 0, 10.56%, 115, 10, 21, 22.39
1614336936, 44, 1623, 3050, 743, 0, 10.56%, 115, 10, 21, 218.75
1614336942, 44, 1657, 3050, 739, 0, 10.56%, 115, 10, 21, 911.62
1614336947, 44, 1725, 3050, 737, 0, 10.56%, 115, 10, 21, 1845.90
1614336952, 44, 1755, 3050, 734, 0, 10.56%, 115, 10, 21, 1728.31
1614336957, 44, 1785, 3050, 731, 0, 10.56%, 115, 10, 21, 459.03
1614336962, 44, 1826, 3051, 730, 0, 10.56%, 115, 10, 21, 1386.98
1614336967, 44, 1834, 3051, 729, 0, 10.56%, 115, 10, 21, 1886.51
1614336972, 44, 1859, 3051, 726, 0, 10.56%, 115, 10, 21, 117.04
1614336978, 44, 1859, 3052, 727, 0, 10.56%, 116, 10, 21, 60.72
1614336983, 44, 2132, 3053, 726, 1, 10.56%, 116, 10, 21, 1643.75
1614336988, 44, 2667, 3054, 724, 1, 10.56%, 116, 10, 21, 25.87
1614336998, 44, 3051, 3054, 724, 1, 10.56%, 116, 10, 21, 51.39
1614337019, 44, 3051, 3057, 727, 1, 10.56%, 116, 10, 21, 52.36
1614337024, 44, 3051, 3058, 728, 1, 10.56%, 116, 10, 21, 52.08
1614337034, 44, 3051, 3059, 729, 1, 10.56%, 116, 10, 21, 52.88
1614337039, 44, 3055, 3059, 728, 1, 10.56%, 116, 10, 21, 54.23
1614337070, 45, 85, 3059, 727, 0, 10.56%, 116, 10, 21, 166.92
1614337076, 45, 120, 3059, 727, 0, 10.56%, 116, 10, 21, 1403.05
1614337081, 45, 197, 3059, 727, 0, 10.56%, 116, 10, 21, 2339.62
1614337086, 45, 271, 3059, 727, 0, 10.56%, 116, 10, 21, 682.92
1614337091, 45, 393, 3059, 727, 0, 10.56%, 116, 10, 21, 1215.74
1614337096, 45, 535, 3059, 727, 0, 10.56%, 116, 10, 21, 1466.67
1614337101, 45, 628, 3059, 727, 0, 10.56%, 116, 10, 21, 2731.34
